"TOA5","11167","CR1000X","11167","CR1000X.Std.06.02","CPU:2021.11.9 FINAL v3.cr1x","7948","WSTable"
"TIMESTAMP","RECORD","fWSV1","fWSV2","fWSV3","fWSC","iWSDiag","iWSValue"
"TS","RN","m/s","m/s","m/s","DegC","",""
"","","Smp","Smp","Smp","Smp","Smp","Smp"
"2023-05-27 08:58:20",0,0,0,0,0,0,0
"2023-05-27 08:58:20.05",1,0,0,0,0,0,0
"2023-05-27 08:58:20.1",2,0,0,0,0,0,0
"2023-05-27 08:58:20.15",3,0,0,0,0,0,0
"2023-05-27 08:58:20.2",4,0,0,0,0,0,0
"2023-05-27 08:58:20.25",5,0,0,0,0,0,0
"2023-05-27 08:58:20.3",6,0,0,0,0,0,0
"2023-05-27 08:58:20.35",7,0,0,0,0,0,0
"2023-05-27 08:58:20.4",8,0,0,0,0,0,0
"2023-05-27 08:58:20.45",9,0,0,0,0,0,0
"2023-05-27 08:58:20.5",10,0,0,0,0,0,0
"2023-05-27 08:58:20.55",11,0,0,0,0,0,0
"2023-05-27 08:58:20.6",12,0,0,0,0,0,0
"2023-05-27 08:58:20.65",13,0,0,0,0,0,0
"2023-05-27 08:58:20.7",14,0,0,0,0,0,0
"2023-05-27 08:58:20.75",15,0,0,0,0,0,0
"2023-05-27 08:58:20.8",16,0,0,0,0,0,0
"2023-05-27 08:58:20.85",17,0,0,0,0,0,0
"2023-05-27 08:58:20.9",18,0,0,0,0,0,0
"2023-05-27 08:58:20.95",19,0,0,0,0,0,0
"2023-05-27 08:58:21",20,0,0,0,0,0,0
"2023-05-27 08:58:21.05",21,0,0,0,0,0,0
"2023-05-27 08:58:21.1",22,0,0,0,0,0,0
"2023-05-27 08:58:21.15",23,0,0,0,0,0,0
"2023-05-27 08:58:21.2",24,0,0,0,0,0,0
"2023-05-27 08:58:21.25",25,0,0,0,0,0,0
"2023-05-27 08:58:21.3",26,0,0,0,0,0,0
"2023-05-27 08:58:21.35",27,0,0,0,0,0,0
"2023-05-27 08:58:21.4",28,0,0,0,0,0,0
"2023-05-27 08:58:21.45",29,0,0,0,0,0,0
"2023-05-27 08:58:21.5",30,0,0,0,0,0,0
"2023-05-27 08:58:21.55",31,0,0,0,0,0,0
"2023-05-27 08:58:21.6",32,0,0,0,0,0,0
"2023-05-27 08:58:21.65",33,0,0,0,0,0,0
"2023-05-27 08:58:21.7",34,0,0,0,0,0,0
"2023-05-27 08:58:21.75",35,0,0,0,0,0,0
"2023-05-27 08:58:21.8",36,0,0,0,0,0,0
"2023-05-27 08:58:21.85",37,0,0,0,0,0,0
"2023-05-27 08:58:21.9",38,0,0,0,0,0,0
"2023-05-27 08:58:21.95",39,0,0,0,0,0,0
"2023-05-27 08:58:22",40,0,0,0,0,0,0
"2023-05-27 08:58:22.05",41,0,0,0,0,0,0
"2023-05-27 08:58:22.1",42,0,0,0,0,0,0
"2023-05-27 08:58:22.15",43,0,0,0,0,0,0
"2023-05-27 08:58:22.2",44,0,0,0,0,0,0
"2023-05-27 08:58:22.25",45,0,0,0,0,0,0
"2023-05-27 08:58:22.3",46,0,0,0,0,0,0
"2023-05-27 08:58:22.35",47,0,0,0,0,0,0
"2023-05-27 08:58:22.4",48,0,0,0,0,0,0
"2023-05-27 08:58:22.45",49,0,0,0,0,0,0
"2023-05-27 08:58:22.5",50,0,0,0,0,0,0
"2023-05-27 08:58:22.55",51,0,0,0,0,0,0
"2023-05-27 08:58:22.6",52,0,0,0,0,0,0
"2023-05-27 08:58:22.65",53,0,0,0,0,0,0
"2023-05-27 08:58:22.7",54,0,0,0,0,0,0
"2023-05-27 08:58:22.75",55,0,0,0,0,0,0
"2023-05-27 08:58:22.8",56,0,0,0,0,0,0
"2023-05-27 08:58:22.85",57,0,0,0,0,0,0
"2023-05-27 08:58:22.9",58,0,0,0,0,0,0
"2023-05-27 08:58:22.95",59,0,0,0,0,0,0
"2023-05-27 08:58:23",60,0,0,0,0,0,0
"2023-05-27 08:58:23.05",61,0,0,0,0,0,0
"2023-05-27 08:58:23.1",62,0,0,0,0,0,0
"2023-05-27 08:58:23.15",63,0,0,0,0,0,0
"2023-05-27 08:58:23.2",64,0,0,0,0,0,0
"2023-05-27 08:58:23.25",65,0,0,0,0,0,0
"2023-05-27 08:58:23.3",66,0,0,0,0,0,0
"2023-05-27 08:58:23.35",67,0,0,0,0,0,0
"2023-05-27 08:58:23.4",68,0,0,0,0,0,0
"2023-05-27 08:58:23.45",69,0,0,0,0,0,0
"2023-05-27 08:58:23.5",70,0,0,0,0,0,0
"2023-05-27 08:58:23.55",71,0,0,0,0,0,0
"2023-05-27 08:58:23.6",72,0,0,0,0,0,0
"2023-05-27 08:58:23.65",73,0,0,0,0,0,0
"2023-05-27 08:58:23.7",74,0,0,0,0,0,0
"2023-05-27 08:58:23.75",75,0,0,0,0,0,0
"2023-05-27 08:58:23.8",76,0,0,0,0,0,0
"2023-05-27 08:58:23.85",77,0,0,0,0,0,0
"2023-05-27 08:58:23.9",78,0,0,0,0,0,0
"2023-05-27 08:58:23.95",79,0,0,0,0,0,0
"2023-05-27 08:58:24",80,0,0,0,0,0,0
"2023-05-27 08:58:24.05",81,0,0,0,0,0,0
"2023-05-27 08:58:24.1",82,0,0,0,0,0,0
"2023-05-27 08:58:24.15",83,0,0,0,0,0,0
"2023-05-27 08:58:24.2",84,0,0,0,0,0,0
"2023-05-27 08:58:24.25",85,0,0,0,0,0,0
"2023-05-27 08:58:24.3",86,0,0,0,0,0,0
"2023-05-27 08:58:24.35",87,0,0,0,0,0,0
"2023-05-27 08:58:24.4",88,0,0,0,0,0,0
"2023-05-27 08:58:24.45",89,0,0,0,0,0,0
"2023-05-27 08:58:24.5",90,0,0,0,0,0,0
"2023-05-27 08:58:24.55",91,0,0,0,0,0,0
"2023-05-27 08:58:24.6",92,0,0,0,0,0,0
"2023-05-27 08:58:24.65",93,0,0,0,0,0,0
"2023-05-27 08:58:24.7",94,0,0,0,0,0,0
"2023-05-27 08:58:24.75",95,0,0,0,0,0,0
"2023-05-27 08:58:24.8",96,0,0,0,0,0,0
"2023-05-27 08:58:24.85",97,0,0,0,0,0,0
"2023-05-27 08:58:24.9",98,0,0,0,0,0,0
"2023-05-27 08:58:24.95",99,0,0,0,0,0,0
"2023-05-27 08:58:25",100,0,0,0,0,0,0
"2023-05-27 08:58:25.05",101,0,0,0,0,0,0
"2023-05-27 08:58:25.1",102,0,0,0,0,0,0
"2023-05-27 08:58:25.15",103,0,0,0,0,0,0
"2023-05-27 08:58:25.2",104,0,0,0,0,0,0
"2023-05-27 08:58:25.25",105,0,0,0,0,0,0
"2023-05-27 08:58:25.3",106,0,0,0,0,0,0
"2023-05-27 08:58:25.35",107,0,0,0,0,0,0
"2023-05-27 08:58:25.4",108,0,0,0,0,0,0
"2023-05-27 08:58:25.45",109,0,0,0,0,0,0
"2023-05-27 08:58:25.5",110,0,0,0,0,0,0
"2023-05-27 08:58:25.55",111,0,0,0,0,0,0
"2023-05-27 08:58:25.6",112,0,0,0,0,0,0
"2023-05-27 08:58:25.65",113,0,0,0,0,0,0
"2023-05-27 08:58:25.7",114,0,0,0,0,0,0
"2023-05-27 08:58:25.75",115,0,0,0,0,0,0
"2023-05-27 08:58:25.8",116,0,0,0,0,0,0
"2023-05-27 08:58:25.85",117,0,0,0,0,0,0
"2023-05-27 08:58:25.9",118,0,0,0,0,0,0
"2023-05-27 08:58:25.95",119,0,0,0,0,0,0
"2023-05-27 08:58:26",120,0,0,0,0,0,0
"2023-05-27 08:58:26.05",121,0,0,0,0,0,0
"2023-05-27 08:58:26.1",122,0,0,0,0,0,0
"2023-05-27 08:58:26.15",123,0,0,0,0,0,0
"2023-05-27 08:58:26.2",124,0,0,0,0,0,0
"2023-05-27 08:58:26.25",125,0,0,0,0,0,0
"2023-05-27 08:58:26.3",126,0,0,0,0,0,0
"2023-05-27 08:58:26.35",127,0,0,0,0,0,0
"2023-05-27 08:58:26.4",128,0,0,0,0,0,0
"2023-05-27 08:58:26.45",129,0,0,0,0,0,0
"2023-05-27 08:58:26.5",130,0,0,0,0,0,0
"2023-05-27 08:58:26.55",131,0,0,0,0,0,0
"2023-05-27 08:58:26.6",132,0,0,0,0,0,0
"2023-05-27 08:58:26.65",133,0,0,0,0,0,0
"2023-05-27 08:58:26.7",134,0,0,0,0,0,0
"2023-05-27 08:58:26.75",135,0,0,0,0,0,0
"2023-05-27 08:58:26.8",136,0,0,0,0,0,0
"2023-05-27 08:58:26.85",137,0,0,0,0,0,0
"2023-05-27 08:58:26.9",138,0,0,0,0,0,0
"2023-05-27 08:58:26.95",139,0,0,0,0,0,0
"2023-05-27 08:58:27",140,0,0,0,0,0,0
"2023-05-27 08:58:27.05",141,0,0,0,0,0,0
"2023-05-27 08:58:27.1",142,0,0,0,0,0,0
"2023-05-27 08:58:27.15",143,0,0,0,0,0,0
"2023-05-27 08:58:27.2",144,0,0,0,0,0,0
"2023-05-27 08:58:27.25",145,0,0,0,0,0,0
"2023-05-27 08:58:27.3",146,0,0,0,0,0,0
"2023-05-27 08:58:27.35",147,0,0,0,0,0,0
"2023-05-27 08:58:27.4",148,0,0,0,0,0,0
"2023-05-27 08:58:27.45",149,0,0,0,0,0,0
"2023-05-27 08:58:27.5",150,0,0,0,0,0,0
"2023-05-27 08:58:27.55",151,0,0,0,0,0,0
"2023-05-27 08:58:27.6",152,0,0,0,0,0,0
"2023-05-27 08:58:27.65",153,0,0,0,0,0,0
"2023-05-27 08:58:27.7",154,0,0,0,0,0,0
"2023-05-27 08:58:27.75",155,0,0,0,0,0,0
"2023-05-27 08:58:27.8",156,0,0,0,0,0,0
"2023-05-27 08:58:27.85",157,0,0,0,0,0,0
"2023-05-27 08:58:27.9",158,0,0,0,0,0,0
"2023-05-27 08:58:27.95",159,0,0,0,0,0,0
"2023-05-27 08:58:28",160,0,0,0,0,0,0
"2023-05-27 08:58:28.05",161,0,0,0,0,0,0
"2023-05-27 08:58:28.1",162,0,0,0,0,0,0
"2023-05-27 08:58:28.15",163,0,0,0,0,0,0
"2023-05-27 08:58:28.2",164,0,0,0,0,0,0
"2023-05-27 08:58:28.25",165,0,0,0,0,0,0
"2023-05-27 08:58:28.3",166,0,0,0,0,0,0
"2023-05-27 08:58:28.35",167,0,0,0,0,0,0
"2023-05-27 08:58:28.4",168,0,0,0,0,0,0
"2023-05-27 08:58:28.45",169,0,0,0,0,0,0
"2023-05-27 08:58:28.5",170,0,0,0,0,0,0
"2023-05-27 08:58:28.55",171,0,0,0,0,0,0
"2023-05-27 08:58:28.6",172,0,0,0,0,0,0
"2023-05-27 08:58:28.65",173,0,0,0,0,0,0
"2023-05-27 08:58:28.7",174,0,0,0,0,0,0
"2023-05-27 08:58:28.75",175,0,0,0,0,0,0
"2023-05-27 08:58:28.8",176,0,0,0,0,0,0
"2023-05-27 08:58:28.85",177,0,0,0,0,0,0
"2023-05-27 08:58:28.9",178,0,0,0,0,0,0
"2023-05-27 08:58:28.95",179,0,0,0,0,0,0
"2023-05-27 08:58:29",180,0,0,0,0,0,0
"2023-05-27 08:58:29.05",181,0,0,0,0,0,0
"2023-05-27 08:58:29.1",182,0,0,0,0,0,0
"2023-05-27 08:58:29.15",183,0,0,0,0,0,0
"2023-05-27 08:58:29.2",184,0,0,0,0,0,0
"2023-05-27 08:58:29.25",185,0,0,0,0,0,0
"2023-05-27 08:58:29.3",186,0,0,0,0,0,0
"2023-05-27 08:58:29.35",187,0,0,0,0,0,0
"2023-05-27 08:58:29.4",188,0,0,0,0,0,0
"2023-05-27 08:58:29.45",189,0,0,0,0,0,0
"2023-05-27 08:58:29.5",190,0,0,0,0,0,0
"2023-05-27 08:58:29.55",191,0,0,0,0,0,0
"2023-05-27 08:58:29.6",192,0,0,0,0,0,0
"2023-05-27 08:58:29.65",193,0,0,0,0,0,0
"2023-05-27 08:58:29.7",194,0,0,0,0,0,0
"2023-05-27 08:58:29.75",195,0,0,0,0,0,0
"2023-05-27 08:58:29.8",196,0,0,0,0,0,0
"2023-05-27 08:58:29.85",197,0,0,0,0,0,0
"2023-05-27 08:58:29.9",198,0,0,0,0,0,0
"2023-05-27 08:58:29.95",199,0,0,0,0,0,0
"2023-05-27 08:58:30",200,0,0,0,0,0,0
"2023-05-27 08:58:30.05",201,0,0,0,0,0,0
"2023-05-27 08:58:30.1",202,0,0,0,0,0,0
"2023-05-27 08:58:30.15",203,0,0,0,0,0,0
"2023-05-27 08:58:30.2",204,0,0,0,0,0,0
"2023-05-27 08:58:30.25",205,0,0,0,0,0,0
"2023-05-27 08:58:30.3",206,0,0,0,0,0,0
"2023-05-27 08:58:30.35",207,0,0,0,0,0,0
"2023-05-27 08:58:30.4",208,0,0,0,0,0,0
"2023-05-27 08:58:30.45",209,0,0,0,0,0,0
"2023-05-27 08:58:30.5",210,0,0,0,0,0,0
"2023-05-27 08:58:30.55",211,0,0,0,0,0,0
"2023-05-27 08:58:30.6",212,0,0,0,0,0,0
"2023-05-27 08:58:30.65",213,0,0,0,0,0,0
"2023-05-27 08:58:30.7",214,0,0,0,0,0,0
"2023-05-27 08:58:30.75",215,0,0,0,0,0,0
"2023-05-27 08:58:30.8",216,0,0,0,0,0,0
"2023-05-27 08:58:30.85",217,0,0,0,0,0,0
"2023-05-27 08:58:30.9",218,0,0,0,0,0,0
"2023-05-27 08:58:30.95",219,0,0,0,0,0,0
"2023-05-27 08:58:31",220,0,0,0,0,0,0
"2023-05-27 08:58:31.05",221,0,0,0,0,0,0
"2023-05-27 08:58:31.1",222,0,0,0,0,0,0
"2023-05-27 08:58:31.15",223,0,0,0,0,0,0
"2023-05-27 08:58:31.2",224,0,0,0,0,0,0
"2023-05-27 08:58:31.25",225,0,0,0,0,0,0
"2023-05-27 08:58:31.3",226,0,0,0,0,0,0
"2023-05-27 08:58:31.35",227,0,0,0,0,0,0
"2023-05-27 08:58:31.4",228,0,0,0,0,0,0
"2023-05-27 08:58:31.45",229,0,0,0,0,0,0
"2023-05-27 08:58:31.5",230,0,0,0,0,0,0
"2023-05-27 08:58:31.55",231,0,0,0,0,0,0
"2023-05-27 08:58:31.6",232,0,0,0,0,0,0
"2023-05-27 08:58:31.65",233,0,0,0,0,0,0
"2023-05-27 08:58:31.7",234,0,0,0,0,0,0
"2023-05-27 08:58:31.75",235,0,0,0,0,0,0
"2023-05-27 08:58:31.8",236,0,0,0,0,0,0
"2023-05-27 08:58:31.85",237,0,0,0,0,0,0
"2023-05-27 08:58:31.9",238,0,0,0,0,0,0
"2023-05-27 08:58:31.95",239,0,0,0,0,0,0
"2023-05-27 08:58:32",240,0,0,0,0,0,0
"2023-05-27 08:58:32.05",241,0,0,0,0,0,0
"2023-05-27 08:58:32.1",242,0,0,0,0,0,0
"2023-05-27 08:58:32.15",243,0,0,0,0,0,0
"2023-05-27 08:58:32.2",244,0,0,0,0,0,0
"2023-05-27 08:58:32.25",245,0,0,0,0,0,0
"2023-05-27 08:58:32.3",246,0,0,0,0,0,0
"2023-05-27 08:58:32.35",247,0,0,0,0,0,0
"2023-05-27 08:58:32.4",248,0,0,0,0,0,0
"2023-05-27 08:58:32.45",249,0,0,0,0,0,0
"2023-05-27 08:58:32.5",250,0,0,0,0,0,0
"2023-05-27 08:58:32.55",251,0,0,0,0,0,0
"2023-05-27 08:58:32.6",252,0,0,0,0,0,0
"2023-05-27 08:58:32.65",253,0,0,0,0,0,0
"2023-05-27 08:58:32.7",254,0,0,0,0,0,0
"2023-05-27 08:58:32.75",255,0,0,0,0,0,0
"2023-05-27 08:58:32.8",256,0,0,0,0,0,0
"2023-05-27 08:58:32.85",257,0,0,0,0,0,0
"2023-05-27 08:58:32.9",258,0,0,0,0,0,0
"2023-05-27 08:58:32.95",259,0,0,0,0,0,0
"2023-05-27 08:58:33",260,0,0,0,0,0,0
"2023-05-27 08:58:33.05",261,0,0,0,0,0,0
"2023-05-27 08:58:33.1",262,0,0,0,0,0,0
"2023-05-27 08:58:33.15",263,0,0,0,0,0,0
"2023-05-27 08:58:33.2",264,0,0,0,0,0,0
"2023-05-27 08:58:33.25",265,0,0,0,0,0,0
"2023-05-27 08:58:33.3",266,0,0,0,0,0,0
"2023-05-27 08:58:33.35",267,0,0,0,0,0,0
"2023-05-27 08:58:33.4",268,0,0,0,0,0,0
"2023-05-27 08:58:33.45",269,0,0,0,0,0,0
"2023-05-27 08:58:33.5",270,0,0,0,0,0,0
"2023-05-27 08:58:33.55",271,0,0,0,0,0,0
"2023-05-27 08:58:33.6",272,0,0,0,0,0,0
"2023-05-27 08:58:33.65",273,0,0,0,0,0,0
"2023-05-27 08:58:33.7",274,0,0,0,0,0,0
"2023-05-27 08:58:33.75",275,0,0,0,0,0,0
"2023-05-27 08:58:33.8",276,0,0,0,0,0,0
"2023-05-27 08:58:33.85",277,0,0,0,0,0,0
"2023-05-27 08:58:33.9",278,0,0,0,0,0,0
"2023-05-27 08:58:33.95",279,0,0,0,0,0,0
"2023-05-27 08:58:34",280,0,0,0,0,0,0
"2023-05-27 08:58:34.05",281,0,0,0,0,0,0
"2023-05-27 08:58:34.1",282,0,0,0,0,0,0
"2023-05-27 08:58:34.15",283,0,0,0,0,0,0
"2023-05-27 08:58:34.2",284,0,0,0,0,0,0
"2023-05-27 08:58:34.25",285,0,0,0,0,0,0
"2023-05-27 08:58:34.3",286,0,0,0,0,0,0
"2023-05-27 08:58:34.35",287,0,0,0,0,0,0
"2023-05-27 08:58:34.4",288,0,0,0,0,0,0
"2023-05-27 08:58:34.45",289,0,0,0,0,0,0
"2023-05-27 08:58:34.5",290,0,0,0,0,0,0
"2023-05-27 08:58:34.55",291,0,0,0,0,0,0
"2023-05-27 08:58:34.6",292,0,0,0,0,0,0
"2023-05-27 08:58:34.65",293,0,0,0,0,0,0
"2023-05-27 08:58:34.7",294,0,0,0,0,0,0
"2023-05-27 08:58:34.75",295,0,0,0,0,0,0
"2023-05-27 08:58:34.8",296,0,0,0,0,0,0
"2023-05-27 08:58:34.85",297,0,0,0,0,0,0
"2023-05-27 08:58:34.9",298,0,0,0,0,0,0
"2023-05-27 08:58:34.95",299,0,0,0,0,0,0
"2023-05-27 08:58:35",300,0,0,0,0,0,0
"2023-05-27 08:58:35.05",301,0,0,0,0,0,0
"2023-05-27 08:58:35.1",302,0,0,0,0,0,0
"2023-05-27 08:58:35.15",303,0,0,0,0,0,0
"2023-05-27 08:58:35.2",304,0,0,0,0,0,0
"2023-05-27 08:58:35.25",305,0,0,0,0,0,0
"2023-05-27 08:58:35.3",306,0,0,0,0,0,0
"2023-05-27 08:58:35.35",307,0,0,0,0,0,0
"2023-05-27 08:58:35.4",308,0,0,0,0,0,0
"2023-05-27 08:58:35.45",309,0,0,0,0,0,0
"2023-05-27 08:58:35.5",310,0,0,0,0,0,0
"2023-05-27 08:58:35.55",311,0,0,0,0,0,0
"2023-05-27 08:58:35.6",312,0,0,0,0,0,0
"2023-05-27 08:58:35.65",313,0,0,0,0,0,0
"2023-05-27 08:58:35.7",314,0,0,0,0,0,0
"2023-05-27 08:58:35.75",315,0,0,0,0,0,0
"2023-05-27 08:58:35.8",316,0,0,0,0,0,0
"2023-05-27 08:58:35.85",317,0,0,0,0,0,0
"2023-05-27 08:58:35.9",318,0,0,0,0,0,0
"2023-05-27 08:58:35.95",319,0,0,0,0,0,0
"2023-05-27 08:58:36",320,0,0,0,0,0,0
"2023-05-27 08:58:36.05",321,0,0,0,0,0,0
"2023-05-27 08:58:36.1",322,0,0,0,0,0,0
"2023-05-27 08:58:36.15",323,0,0,0,0,0,0
"2023-05-27 08:58:36.2",324,0,0,0,0,0,0
"2023-05-27 08:58:36.25",325,0,0,0,0,0,0
"2023-05-27 08:58:36.3",326,0,0,0,0,0,0
"2023-05-27 08:58:36.35",327,0,0,0,0,0,0
"2023-05-27 08:58:36.4",328,0,0,0,0,0,0
"2023-05-27 08:58:36.45",329,0,0,0,0,0,0
"2023-05-27 08:58:36.5",330,0,0,0,0,0,0
"2023-05-27 08:58:36.55",331,0,0,0,0,0,0
"2023-05-27 08:58:36.6",332,0,0,0,0,0,0
"2023-05-27 08:58:36.65",333,0,0,0,0,0,0
"2023-05-27 08:58:36.7",334,0,0,0,0,0,0
"2023-05-27 08:58:36.75",335,0,0,0,0,0,0
"2023-05-27 08:58:36.8",336,0,0,0,0,0,0
"2023-05-27 08:58:36.85",337,0,0,0,0,0,0
"2023-05-27 08:58:36.9",338,0,0,0,0,0,0
"2023-05-27 08:58:36.95",339,0,0,0,0,0,0
"2023-05-27 08:58:37",340,0,0,0,0,0,0
"2023-05-27 08:58:37.05",341,0,0,0,0,0,0
"2023-05-27 08:58:37.1",342,0,0,0,0,0,0
"2023-05-27 08:58:37.15",343,0,0,0,0,0,0
"2023-05-27 08:58:37.2",344,0,0,0,0,0,0
"2023-05-27 08:58:37.25",345,0,0,0,0,0,0
"2023-05-27 08:58:37.3",346,0,0,0,0,0,0
"2023-05-27 08:58:37.35",347,0,0,0,0,0,0
"2023-05-27 08:58:37.4",348,0,0,0,0,0,0
"2023-05-27 08:58:37.45",349,0,0,0,0,0,0
"2023-05-27 08:58:37.5",350,0,0,0,0,0,0
"2023-05-27 08:58:37.55",351,0,0,0,0,0,0
"2023-05-27 08:58:37.6",352,0,0,0,0,0,0
"2023-05-27 08:58:37.65",353,0,0,0,0,0,0
"2023-05-27 08:58:37.7",354,0,0,0,0,0,0
"2023-05-27 08:58:37.75",355,0,0,0,0,0,0
"2023-05-27 08:58:37.8",356,0,0,0,0,0,0
"2023-05-27 08:58:37.85",357,0,0,0,0,0,0
"2023-05-27 08:58:37.9",358,0,0,0,0,0,0
"2023-05-27 08:58:37.95",359,0,0,0,0,0,0
"2023-05-27 08:58:38",360,0,0,0,0,0,0
"2023-05-27 08:58:38.05",361,0,0,0,0,0,0
"2023-05-27 08:58:38.1",362,0,0,0,0,0,0
"2023-05-27 08:58:38.15",363,0,0,0,0,0,0
"2023-05-27 08:58:38.2",364,0,0,0,0,0,0
"2023-05-27 08:58:38.25",365,0,0,0,0,0,0
"2023-05-27 08:58:38.3",366,0,0,0,0,0,0
"2023-05-27 08:58:38.35",367,0,0,0,0,0,0
"2023-05-27 08:58:38.4",368,0,0,0,0,0,0
"2023-05-27 08:58:38.45",369,0,0,0,0,0,0
"2023-05-27 08:58:38.5",370,0,0,0,0,0,0
"2023-05-27 08:58:38.55",371,0,0,0,0,0,0
"2023-05-27 08:58:38.6",372,0,0,0,0,0,0
"2023-05-27 08:58:38.65",373,0,0,0,0,0,0
"2023-05-27 08:58:38.7",374,0,0,0,0,0,0
"2023-05-27 08:58:38.75",375,0,0,0,0,0,0
"2023-05-27 08:58:38.8",376,0,0,0,0,0,0
"2023-05-27 08:58:38.85",377,0,0,0,0,0,0
"2023-05-27 08:58:38.9",378,0,0,0,0,0,0
"2023-05-27 08:58:38.95",379,0,0,0,0,0,0
"2023-05-27 08:58:39",380,0,0,0,0,0,0
"2023-05-27 08:58:39.05",381,0,0,0,0,0,0
"2023-05-27 08:58:39.1",382,0,0,0,0,0,0
"2023-05-27 08:58:39.15",383,0,0,0,0,0,0
"2023-05-27 08:58:39.2",384,0,0,0,0,0,0
"2023-05-27 08:58:39.25",385,0,0,0,0,0,0
"2023-05-27 08:58:39.3",386,0,0,0,0,0,0
"2023-05-27 08:58:39.35",387,0,0,0,0,0,0
"2023-05-27 08:58:39.4",388,0,0,0,0,0,0
"2023-05-27 08:58:39.45",389,0,0,0,0,0,0
"2023-05-27 08:58:39.5",390,0,0,0,0,0,0
"2023-05-27 08:58:39.55",391,0,0,0,0,0,0
"2023-05-27 08:58:39.6",392,0,0,0,0,0,0
"2023-05-27 08:58:39.65",393,0,0,0,0,0,0
"2023-05-27 08:58:39.7",394,0,0,0,0,0,0
"2023-05-27 08:58:39.75",395,0,0,0,0,0,0
"2023-05-27 08:58:39.8",396,0,0,0,0,0,0
"2023-05-27 08:58:39.85",397,0,0,0,0,0,0
"2023-05-27 08:58:39.9",398,0,0,0,0,0,0
"2023-05-27 08:58:39.95",399,0,0,0,0,0,0
"2023-05-27 08:58:40",400,0,0,0,0,0,0
"2023-05-27 08:58:40.05",401,0,0,0,0,0,0
"2023-05-27 08:58:40.1",402,0,0,0,0,0,0
"2023-05-27 08:58:40.15",403,0,0,0,0,0,0
"2023-05-27 08:58:40.2",404,0,0,0,0,0,0
"2023-05-27 08:58:40.25",405,0,0,0,0,0,0
"2023-05-27 08:58:40.3",406,0,0,0,0,0,0
"2023-05-27 08:58:40.35",407,0,0,0,0,0,0
"2023-05-27 08:58:40.4",408,0,0,0,0,0,0
"2023-05-27 08:58:40.45",409,0,0,0,0,0,0
"2023-05-27 08:58:40.5",410,0,0,0,0,0,0
"2023-05-27 08:58:40.55",411,0,0,0,0,0,0
"2023-05-27 08:58:40.6",412,0,0,0,0,0,0
"2023-05-27 08:58:40.65",413,0,0,0,0,0,0
"2023-05-27 08:58:40.7",414,0,0,0,0,0,0
"2023-05-27 08:58:40.75",415,0,0,0,0,0,0
"2023-05-27 08:58:40.8",416,0,0,0,0,0,0
"2023-05-27 08:58:40.85",417,0,0,0,0,0,0
"2023-05-27 08:58:40.9",418,0,0,0,0,0,0
"2023-05-27 08:58:40.95",419,0,0,0,0,0,0
"2023-05-27 08:58:41",420,0,0,0,0,0,0
"2023-05-27 08:58:41.05",421,0,0,0,0,0,0
"2023-05-27 08:58:41.1",422,0,0,0,0,0,0
"2023-05-27 08:58:41.15",423,0,0,0,0,0,0
"2023-05-27 08:58:41.2",424,0,0,0,0,0,0
"2023-05-27 08:58:41.25",425,0,0,0,0,0,0
"2023-05-27 08:58:41.3",426,0,0,0,0,0,0
"2023-05-27 08:58:41.35",427,0,0,0,0,0,0
"2023-05-27 08:58:41.4",428,0,0,0,0,0,0
"2023-05-27 08:58:41.45",429,0,0,0,0,0,0
"2023-05-27 08:58:41.5",430,0,0,0,0,0,0
"2023-05-27 08:58:41.55",431,0,0,0,0,0,0
"2023-05-27 08:58:41.6",432,0,0,0,0,0,0
"2023-05-27 08:58:41.65",433,0,0,0,0,0,0
"2023-05-27 08:58:41.7",434,0,0,0,0,0,0
"2023-05-27 08:58:41.75",435,0,0,0,0,0,0
"2023-05-27 08:58:41.8",436,0,0,0,0,0,0
"2023-05-27 08:58:41.85",437,0,0,0,0,0,0
"2023-05-27 08:58:41.9",438,0,0,0,0,0,0
"2023-05-27 08:58:41.95",439,0,0,0,0,0,0
"2023-05-27 08:58:42",440,0,0,0,0,0,0
"2023-05-27 08:58:42.05",441,0,0,0,0,0,0
"2023-05-27 08:58:42.1",442,0,0,0,0,0,0
"2023-05-27 08:58:42.15",443,0,0,0,0,0,0
"2023-05-27 08:58:42.2",444,0,0,0,0,0,0
"2023-05-27 08:58:42.25",445,0,0,0,0,0,0
"2023-05-27 08:58:42.3",446,0,0,0,0,0,0
"2023-05-27 08:58:42.35",447,0,0,0,0,0,0
"2023-05-27 08:58:42.4",448,0,0,0,0,0,0
"2023-05-27 08:58:42.45",449,0,0,0,0,0,0
"2023-05-27 08:58:42.5",450,0,0,0,0,0,0
"2023-05-27 08:58:42.55",451,0,0,0,0,0,0
"2023-05-27 08:58:42.6",452,0,0,0,0,0,0
"2023-05-27 08:58:42.65",453,0,0,0,0,0,0
"2023-05-27 08:58:42.7",454,0,0,0,0,0,0
"2023-05-27 08:58:42.75",455,0,0,0,0,0,0
"2023-05-27 08:58:42.8",456,0,0,0,0,0,0
"2023-05-27 08:58:42.85",457,0,0,0,0,0,0
"2023-05-27 08:58:42.9",458,0,0,0,0,0,0
"2023-05-27 08:58:42.95",459,0,0,0,0,0,0
"2023-05-27 08:58:43",460,0,0,0,0,0,0
"2023-05-27 08:58:43.05",461,0,0,0,0,0,0
"2023-05-27 08:58:43.1",462,0,0,0,0,0,0
"2023-05-27 08:58:43.15",463,0,0,0,0,0,0
"2023-05-27 08:58:43.2",464,0,0,0,0,0,0
"2023-05-27 08:58:43.25",465,0,0,0,0,0,0
"2023-05-27 08:58:43.3",466,0,0,0,0,0,0
"2023-05-27 08:58:43.35",467,0,0,0,0,0,0
"2023-05-27 08:58:43.4",468,0,0,0,0,0,0
"2023-05-27 08:58:43.45",469,0,0,0,0,0,0
"2023-05-27 08:58:43.5",470,0,0,0,0,0,0
"2023-05-27 08:58:43.55",471,0,0,0,0,0,0
"2023-05-27 08:58:43.6",472,0,0,0,0,0,0
"2023-05-27 08:58:43.65",473,0,0,0,0,0,0
"2023-05-27 08:58:43.7",474,0,0,0,0,0,0
"2023-05-27 08:58:43.75",475,0,0,0,0,0,0
"2023-05-27 08:58:43.8",476,0,0,0,0,0,0
"2023-05-27 08:58:43.85",477,0,0,0,0,0,0
"2023-05-27 08:58:43.9",478,0,0,0,0,0,0
"2023-05-27 08:58:43.95",479,0,0,0,0,0,0
"2023-05-27 08:58:44",480,0,0,0,0,0,0
"2023-05-27 08:58:44.05",481,0,0,0,0,0,0
"2023-05-27 08:58:44.1",482,0,0,0,0,0,0
"2023-05-27 08:58:44.15",483,0,0,0,0,0,0
"2023-05-27 08:58:44.2",484,0,0,0,0,0,0
"2023-05-27 08:58:44.25",485,0,0,0,0,0,0
"2023-05-27 08:58:44.3",486,0,0,0,0,0,0
"2023-05-27 08:58:44.35",487,0,0,0,0,0,0
"2023-05-27 08:58:44.4",488,0,0,0,0,0,0
"2023-05-27 08:58:44.45",489,0,0,0,0,0,0
"2023-05-27 08:58:44.5",490,0,0,0,0,0,0
"2023-05-27 08:58:44.55",491,0,0,0,0,0,0
"2023-05-27 08:58:44.6",492,0,0,0,0,0,0
"2023-05-27 08:58:44.65",493,0,0,0,0,0,0
"2023-05-27 08:58:44.7",494,0,0,0,0,0,0
"2023-05-27 08:58:44.75",495,0,0,0,0,0,0
"2023-05-27 08:58:44.8",496,0,0,0,0,0,0
"2023-05-27 08:58:44.85",497,0,0,0,0,0,0
"2023-05-27 08:58:44.9",498,0,0,0,0,0,0
"2023-05-27 08:58:44.95",499,0,0,0,0,0,0
"2023-05-27 08:58:45",500,0,0,0,0,0,0
"2023-05-27 08:58:45.05",501,0,0,0,0,0,0
"2023-05-27 08:58:45.1",502,0,0,0,0,0,0
"2023-05-27 08:58:45.15",503,0,0,0,0,0,0
"2023-05-27 08:58:45.2",504,0,0,0,0,0,0
"2023-05-27 08:58:45.25",505,0,0,0,0,0,0
"2023-05-27 08:58:45.3",506,0,0,0,0,0,0
"2023-05-27 08:58:45.35",507,0,0,0,0,0,0
"2023-05-27 08:58:45.4",508,0,0,0,0,0,0
"2023-05-27 08:58:45.45",509,0,0,0,0,0,0
"2023-05-27 08:58:45.5",510,0,0,0,0,0,0
"2023-05-27 08:58:45.55",511,0,0,0,0,0,0
"2023-05-27 08:58:45.6",512,0,0,0,0,0,0
"2023-05-27 08:58:45.65",513,0,0,0,0,0,0
"2023-05-27 08:58:45.7",514,0,0,0,0,0,0
"2023-05-27 08:58:45.75",515,0,0,0,0,0,0
"2023-05-27 08:58:45.8",516,0,0,0,0,0,0
"2023-05-27 08:58:45.85",517,0,0,0,0,0,0
"2023-05-27 08:58:45.9",518,0,0,0,0,0,0
"2023-05-27 08:58:45.95",519,0,0,0,0,0,0
"2023-05-27 08:58:46",520,0,0,0,0,0,0
"2023-05-27 08:58:46.05",521,0,0,0,0,0,0
"2023-05-27 08:58:46.1",522,0,0,0,0,0,0
"2023-05-27 08:58:46.15",523,0,0,0,0,0,0
"2023-05-27 08:58:46.2",524,0,0,0,0,0,0
"2023-05-27 08:58:46.25",525,0,0,0,0,0,0
"2023-05-27 08:58:46.3",526,0,0,0,0,0,0
"2023-05-27 08:58:46.35",527,0,0,0,0,0,0
"2023-05-27 08:58:46.4",528,0,0,0,0,0,0
"2023-05-27 08:58:46.45",529,0,0,0,0,0,0
"2023-05-27 08:58:46.5",530,0,0,0,0,0,0
"2023-05-27 08:58:46.55",531,0,0,0,0,0,0
"2023-05-27 08:58:46.6",532,0,0,0,0,0,0
"2023-05-27 08:58:46.65",533,0,0,0,0,0,0
"2023-05-27 08:58:46.7",534,0,0,0,0,0,0
"2023-05-27 08:58:46.75",535,0,0,0,0,0,0
"2023-05-27 08:58:46.8",536,0,0,0,0,0,0
"2023-05-27 08:58:46.85",537,0,0,0,0,0,0
"2023-05-27 08:58:46.9",538,0,0,0,0,0,0
"2023-05-27 08:58:46.95",539,0,0,0,0,0,0
"2023-05-27 08:58:47",540,0,0,0,0,0,0
"2023-05-27 08:58:47.05",541,0,0,0,0,0,0
"2023-05-27 08:58:47.1",542,0,0,0,0,0,0
"2023-05-27 08:58:47.15",543,0,0,0,0,0,0
"2023-05-27 08:58:47.2",544,0,0,0,0,0,0
"2023-05-27 08:58:47.25",545,0,0,0,0,0,0
"2023-05-27 08:58:47.3",546,0,0,0,0,0,0
"2023-05-27 08:58:47.35",547,0,0,0,0,0,0
"2023-05-27 08:58:47.4",548,0,0,0,0,0,0
"2023-05-27 08:58:47.45",549,0,0,0,0,0,0
"2023-05-27 08:58:47.5",550,0,0,0,0,0,0
"2023-05-27 08:58:47.55",551,0,0,0,0,0,0
"2023-05-27 08:58:47.6",552,0,0,0,0,0,0
"2023-05-27 08:58:47.65",553,0,0,0,0,0,0
"2023-05-27 08:58:47.7",554,0,0,0,0,0,0
"2023-05-27 08:58:47.75",555,0,0,0,0,0,0
"2023-05-27 08:58:47.8",556,0,0,0,0,0,0
"2023-05-27 08:58:47.85",557,0,0,0,0,0,0
"2023-05-27 08:58:47.9",558,0,0,0,0,0,0
"2023-05-27 08:58:47.95",559,0,0,0,0,0,0
"2023-05-27 08:58:48",560,0,0,0,0,0,0
"2023-05-27 08:58:48.05",561,0,0,0,0,0,0
"2023-05-27 08:58:48.1",562,0,0,0,0,0,0
"2023-05-27 08:58:48.15",563,0,0,0,0,0,0
"2023-05-27 08:58:48.2",564,0,0,0,0,0,0
"2023-05-27 08:58:48.25",565,0,0,0,0,0,0
"2023-05-27 08:58:48.3",566,0,0,0,0,0,0
"2023-05-27 08:58:48.35",567,0,0,0,0,0,0
"2023-05-27 08:58:48.4",568,0,0,0,0,0,0
"2023-05-27 08:58:48.45",569,0,0,0,0,0,0
"2023-05-27 08:58:48.5",570,0,0,0,0,0,0
"2023-05-27 08:58:48.55",571,0,0,0,0,0,0
"2023-05-27 08:58:48.6",572,0,0,0,0,0,0
"2023-05-27 08:58:48.65",573,0,0,0,0,0,0
"2023-05-27 08:58:48.7",574,0,0,0,0,0,0
"2023-05-27 08:58:48.75",575,0,0,0,0,0,0
"2023-05-27 08:58:48.8",576,0,0,0,0,0,0
"2023-05-27 08:58:48.85",577,0,0,0,0,0,0
"2023-05-27 08:58:48.9",578,0,0,0,0,0,0
"2023-05-27 08:58:48.95",579,0,0,0,0,0,0
"2023-05-27 08:58:49",580,0,0,0,0,0,0
"2023-05-27 08:58:49.05",581,0,0,0,0,0,0
"2023-05-27 08:58:49.1",582,0,0,0,0,0,0
"2023-05-27 08:58:49.15",583,0,0,0,0,0,0
"2023-05-27 08:58:49.2",584,0,0,0,0,0,0
"2023-05-27 08:58:49.25",585,0,0,0,0,0,0
"2023-05-27 08:58:49.3",586,0,0,0,0,0,0
"2023-05-27 08:58:49.35",587,0,0,0,0,0,0
"2023-05-27 08:58:49.4",588,0,0,0,0,0,0
"2023-05-27 08:58:49.45",589,0,0,0,0,0,0
"2023-05-27 08:58:49.5",590,0,0,0,0,0,0
"2023-05-27 08:58:49.55",591,0,0,0,0,0,0
"2023-05-27 08:58:49.6",592,0,0,0,0,0,0
"2023-05-27 08:58:49.65",593,0,0,0,0,0,0
"2023-05-27 08:58:49.7",594,0,0,0,0,0,0
"2023-05-27 08:58:49.75",595,0,0,0,0,0,0
"2023-05-27 08:58:49.8",596,0,0,0,0,0,0
"2023-05-27 08:58:49.85",597,0,0,0,0,0,0
"2023-05-27 08:58:49.9",598,0,0,0,0,0,0
"2023-05-27 08:58:49.95",599,0,0,0,0,0,0
"2023-05-27 08:58:50",600,0,0,0,0,0,0
"2023-05-27 08:58:50.05",601,0,0,0,0,0,0
"2023-05-27 08:58:50.1",602,0,0,0,0,0,0
"2023-05-27 08:58:50.15",603,0,0,0,0,0,0
"2023-05-27 08:58:50.2",604,0,0,0,0,0,0
"2023-05-27 08:58:50.25",605,0,0,0,0,0,0
"2023-05-27 08:58:50.3",606,0,0,0,0,0,0
"2023-05-27 08:58:50.35",607,0,0,0,0,0,0
"2023-05-27 08:58:50.4",608,0,0,0,0,0,0
"2023-05-27 08:58:50.45",609,0,0,0,0,0,0
"2023-05-27 08:58:50.5",610,0,0,0,0,0,0
"2023-05-27 08:58:50.55",611,0,0,0,0,0,0
"2023-05-27 08:58:50.6",612,0,0,0,0,0,0
"2023-05-27 08:58:50.65",613,0,0,0,0,0,0
"2023-05-27 08:58:50.7",614,0,0,0,0,0,0
"2023-05-27 08:58:50.75",615,0,0,0,0,0,0
"2023-05-27 08:58:50.8",616,0,0,0,0,0,0
"2023-05-27 08:58:50.85",617,0,0,0,0,0,0
"2023-05-27 08:58:50.9",618,0,0,0,0,0,0
"2023-05-27 08:58:50.95",619,0,0,0,0,0,0
"2023-05-27 08:58:51",620,0,0,0,0,0,0
"2023-05-27 08:58:51.05",621,0,0,0,0,0,0
"2023-05-27 08:58:51.1",622,0,0,0,0,0,0
"2023-05-27 08:58:51.15",623,0,0,0,0,0,0
"2023-05-27 08:58:51.2",624,0,0,0,0,0,0
"2023-05-27 08:58:51.25",625,0,0,0,0,0,0
"2023-05-27 08:58:51.3",626,0,0,0,0,0,0
"2023-05-27 08:58:51.35",627,0,0,0,0,0,0
"2023-05-27 08:58:51.4",628,0,0,0,0,0,0
"2023-05-27 08:58:51.45",629,0,0,0,0,0,0
"2023-05-27 08:58:51.5",630,0,0,0,0,0,0
"2023-05-27 08:58:51.55",631,0,0,0,0,0,0
"2023-05-27 08:58:51.6",632,0,0,0,0,0,0
"2023-05-27 08:58:51.65",633,0,0,0,0,0,0
"2023-05-27 08:58:51.7",634,0,0,0,0,0,0
"2023-05-27 08:58:51.75",635,0,0,0,0,0,0
"2023-05-27 08:58:51.8",636,0,0,0,0,0,0
"2023-05-27 08:58:51.85",637,0,0,0,0,0,0
"2023-05-27 08:58:51.9",638,0,0,0,0,0,0
"2023-05-27 08:58:51.95",639,0,0,0,0,0,0
"2023-05-27 08:58:52",640,0,0,0,0,0,0
"2023-05-27 08:58:52.05",641,0,0,0,0,0,0
"2023-05-27 08:58:52.1",642,0,0,0,0,0,0
"2023-05-27 08:58:52.15",643,0,0,0,0,0,0
"2023-05-27 08:58:52.2",644,0,0,0,0,0,0
"2023-05-27 08:58:52.25",645,0,0,0,0,0,0
"2023-05-27 08:58:52.3",646,0,0,0,0,0,0
"2023-05-27 08:58:52.35",647,0,0,0,0,0,0
"2023-05-27 08:58:52.4",648,0,0,0,0,0,0
"2023-05-27 08:58:52.45",649,0,0,0,0,0,0
"2023-05-27 08:58:52.5",650,0,0,0,0,0,0
"2023-05-27 08:58:52.55",651,0,0,0,0,0,0
"2023-05-27 08:58:52.6",652,0,0,0,0,0,0
"2023-05-27 08:58:52.65",653,0,0,0,0,0,0
"2023-05-27 08:58:52.7",654,0,0,0,0,0,0
"2023-05-27 08:58:52.75",655,0,0,0,0,0,0
"2023-05-27 08:58:52.8",656,0,0,0,0,0,0
"2023-05-27 08:58:52.85",657,0,0,0,0,0,0
"2023-05-27 08:58:52.9",658,0,0,0,0,0,0
"2023-05-27 08:58:52.95",659,0,0,0,0,0,0
"2023-05-27 08:58:53",660,0,0,0,0,0,0
"2023-05-27 08:58:53.05",661,0,0,0,0,0,0
"2023-05-27 08:58:53.1",662,0,0,0,0,0,0
"2023-05-27 08:58:53.15",663,0,0,0,0,0,0
"2023-05-27 08:58:53.2",664,0,0,0,0,0,0
"2023-05-27 08:58:53.25",665,0,0,0,0,0,0
"2023-05-27 08:58:53.3",666,0,0,0,0,0,0
"2023-05-27 08:58:53.35",667,0,0,0,0,0,0
"2023-05-27 08:58:53.4",668,0,0,0,0,0,0
"2023-05-27 08:58:53.45",669,0,0,0,0,0,0
"2023-05-27 08:58:53.5",670,0,0,0,0,0,0
"2023-05-27 08:58:53.55",671,0,0,0,0,0,0
"2023-05-27 08:58:53.6",672,0,0,0,0,0,0
"2023-05-27 08:58:53.65",673,0,0,0,0,0,0
"2023-05-27 08:58:53.7",674,0,0,0,0,0,0
"2023-05-27 08:58:53.75",675,0,0,0,0,0,0
"2023-05-27 08:58:53.8",676,0,0,0,0,0,0
"2023-05-27 08:58:53.85",677,0,0,0,0,0,0
"2023-05-27 08:58:53.9",678,0,0,0,0,0,0
"2023-05-27 08:58:53.95",679,0,0,0,0,0,0
"2023-05-27 08:58:54",680,0,0,0,0,0,0
"2023-05-27 08:58:54.05",681,0,0,0,0,0,0
"2023-05-27 08:58:54.1",682,0,0,0,0,0,0
"2023-05-27 08:58:54.15",683,0,0,0,0,0,0
"2023-05-27 08:58:54.2",684,0,0,0,0,0,0
"2023-05-27 08:58:54.25",685,0,0,0,0,0,0
"2023-05-27 08:58:54.3",686,0,0,0,0,0,0
"2023-05-27 08:58:54.35",687,0,0,0,0,0,0
"2023-05-27 08:58:54.4",688,0,0,0,0,0,0
"2023-05-27 08:58:54.45",689,0,0,0,0,0,0
"2023-05-27 08:58:54.5",690,0,0,0,0,0,0
"2023-05-27 08:58:54.55",691,0,0,0,0,0,0
"2023-05-27 08:58:54.6",692,0,0,0,0,0,0
"2023-05-27 08:58:54.65",693,0,0,0,0,0,0
"2023-05-27 08:58:54.7",694,0,0,0,0,0,0
"2023-05-27 08:58:54.75",695,0,0,0,0,0,0
"2023-05-27 08:58:54.8",696,0,0,0,0,0,0
"2023-05-27 08:58:54.85",697,0,0,0,0,0,0
"2023-05-27 08:58:54.9",698,0,0,0,0,0,0
"2023-05-27 08:58:54.95",699,0,0,0,0,0,0
"2023-05-27 08:58:55",700,0,0,0,0,0,0
"2023-05-27 08:58:55.05",701,0,0,0,0,0,0
"2023-05-27 08:58:55.1",702,0,0,0,0,0,0
"2023-05-27 08:58:55.15",703,0,0,0,0,0,0
"2023-05-27 08:58:55.2",704,0,0,0,0,0,0
"2023-05-27 08:58:55.25",705,0,0,0,0,0,0
"2023-05-27 08:58:55.3",706,0,0,0,0,0,0
"2023-05-27 08:58:55.35",707,0,0,0,0,0,0
"2023-05-27 08:58:55.4",708,0,0,0,0,0,0
"2023-05-27 08:58:55.45",709,0,0,0,0,0,0
"2023-05-27 08:58:55.5",710,0,0,0,0,0,0
"2023-05-27 08:58:55.55",711,0,0,0,0,0,0
"2023-05-27 08:58:55.6",712,0,0,0,0,0,0
"2023-05-27 08:58:55.65",713,0,0,0,0,0,0
"2023-05-27 08:58:55.7",714,0,0,0,0,0,0
"2023-05-27 08:58:55.75",715,0,0,0,0,0,0
"2023-05-27 08:58:55.8",716,0,0,0,0,0,0
"2023-05-27 08:58:55.85",717,0,0,0,0,0,0
"2023-05-27 08:58:55.9",718,0,0,0,0,0,0
"2023-05-27 08:58:55.95",719,0,0,0,0,0,0
"2023-05-27 08:58:56",720,0,0,0,0,0,0
"2023-05-27 08:58:56.05",721,0,0,0,0,0,0
"2023-05-27 08:58:56.1",722,0,0,0,0,0,0
"2023-05-27 08:58:56.15",723,0,0,0,0,0,0
"2023-05-27 08:58:56.2",724,0,0,0,0,0,0
"2023-05-27 08:58:56.25",725,0,0,0,0,0,0
"2023-05-27 08:58:56.3",726,0,0,0,0,0,0
"2023-05-27 08:58:56.35",727,0,0,0,0,0,0
"2023-05-27 08:58:56.4",728,0,0,0,0,0,0
"2023-05-27 08:58:56.45",729,0,0,0,0,0,0
"2023-05-27 08:58:56.5",730,0,0,0,0,0,0
"2023-05-27 08:58:56.55",731,0,0,0,0,0,0
"2023-05-27 08:58:56.6",732,0,0,0,0,0,0
"2023-05-27 08:58:56.65",733,0,0,0,0,0,0
"2023-05-27 08:58:56.7",734,0,0,0,0,0,0
"2023-05-27 08:58:56.75",735,0,0,0,0,0,0
"2023-05-27 08:58:56.8",736,0,0,0,0,0,0
"2023-05-27 08:58:56.85",737,0,0,0,0,0,0
"2023-05-27 08:58:56.9",738,0,0,0,0,0,0
"2023-05-27 08:58:56.95",739,0,0,0,0,0,0
"2023-05-27 08:58:57",740,0,0,0,0,0,0
"2023-05-27 08:58:57.05",741,0,0,0,0,0,0
"2023-05-27 08:58:57.1",742,0,0,0,0,0,0
"2023-05-27 08:58:57.15",743,0,0,0,0,0,0
"2023-05-27 08:58:57.2",744,0,0,0,0,0,0
"2023-05-27 08:58:57.25",745,0,0,0,0,0,0
"2023-05-27 08:58:57.3",746,0,0,0,0,0,0
"2023-05-27 08:58:57.35",747,0,0,0,0,0,0
"2023-05-27 08:58:57.4",748,0,0,0,0,0,0
"2023-05-27 08:58:57.45",749,0,0,0,0,0,0
"2023-05-27 08:58:57.5",750,0,0,0,0,0,0
"2023-05-27 08:58:57.55",751,0,0,0,0,0,0
"2023-05-27 08:58:57.6",752,0,0,0,0,0,0
"2023-05-27 08:58:57.65",753,0,0,0,0,0,0
"2023-05-27 08:58:57.7",754,0,0,0,0,0,0
"2023-05-27 08:58:57.75",755,0,0,0,0,0,0
"2023-05-27 08:58:57.8",756,0,0,0,0,0,0
"2023-05-27 08:58:57.85",757,0,0,0,0,0,0
"2023-05-27 08:58:57.9",758,0,0,0,0,0,0
"2023-05-27 08:58:57.95",759,0,0,0,0,0,0
"2023-05-27 08:58:58",760,0,0,0,0,0,0
"2023-05-27 08:58:58.05",761,0,0,0,0,0,0
"2023-05-27 08:58:58.1",762,0,0,0,0,0,0
"2023-05-27 08:58:58.15",763,0,0,0,0,0,0
"2023-05-27 08:58:58.2",764,0,0,0,0,0,0
"2023-05-27 08:58:58.25",765,0,0,0,0,0,0
"2023-05-27 08:58:58.3",766,0,0,0,0,0,0
"2023-05-27 08:58:58.35",767,0,0,0,0,0,0
"2023-05-27 08:58:58.4",768,0,0,0,0,0,0
"2023-05-27 08:58:58.45",769,0,0,0,0,0,0
"2023-05-27 08:58:58.5",770,0,0,0,0,0,0
"2023-05-27 08:58:58.55",771,0,0,0,0,0,0
"2023-05-27 08:58:58.6",772,0,0,0,0,0,0
"2023-05-27 08:58:58.65",773,0,0,0,0,0,0
"2023-05-27 08:58:58.7",774,0,0,0,0,0,0
"2023-05-27 08:58:58.75",775,0,0,0,0,0,0
"2023-05-27 08:58:58.8",776,0,0,0,0,0,0
"2023-05-27 08:58:58.85",777,0,0,0,0,0,0
"2023-05-27 08:58:58.9",778,0,0,0,0,0,0
"2023-05-27 08:58:58.95",779,0,0,0,0,0,0
"2023-05-27 08:58:59",780,0,0,0,0,0,0
"2023-05-27 08:58:59.05",781,0,0,0,0,0,0
"2023-05-27 08:58:59.1",782,0,0,0,0,0,0
"2023-05-27 08:58:59.15",783,0,0,0,0,0,0
"2023-05-27 08:58:59.2",784,0,0,0,0,0,0
"2023-05-27 08:58:59.25",785,0,0,0,0,0,0
"2023-05-27 08:58:59.3",786,0,0,0,0,0,0
"2023-05-27 08:58:59.35",787,0,0,0,0,0,0
"2023-05-27 08:58:59.4",788,0,0,0,0,0,0
"2023-05-27 08:58:59.45",789,0,0,0,0,0,0
"2023-05-27 08:58:59.5",790,0,0,0,0,0,0
"2023-05-27 08:58:59.55",791,0,0,0,0,0,0
"2023-05-27 08:58:59.6",792,0,0,0,0,0,0
"2023-05-27 08:58:59.65",793,0,0,0,0,0,0
"2023-05-27 08:58:59.7",794,0,0,0,0,0,0
"2023-05-27 08:58:59.75",795,0,0,0,0,0,0
"2023-05-27 08:58:59.8",796,0,0,0,0,0,0
"2023-05-27 08:58:59.85",797,0,0,0,0,0,0
"2023-05-27 08:58:59.9",798,0,0,0,0,0,0
"2023-05-27 08:58:59.95",799,0,0,0,0,0,0
"2023-05-27 08:59:00",800,0,0,0,0,0,0
"2023-05-27 08:59:00.05",801,0,0,0,0,0,0
"2023-05-27 08:59:00.1",802,0,0,0,0,0,0
"2023-05-27 08:59:00.15",803,0,0,0,0,0,0
"2023-05-27 08:59:00.2",804,0,0,0,0,0,0
"2023-05-27 08:59:00.25",805,0,0,0,0,0,0
"2023-05-27 08:59:00.3",806,0,0,0,0,0,0
"2023-05-27 08:59:00.35",807,0,0,0,0,0,0
"2023-05-27 08:59:00.4",808,0,0,0,0,0,0
"2023-05-27 08:59:00.45",809,0,0,0,0,0,0
"2023-05-27 08:59:00.5",810,0,0,0,0,0,0
"2023-05-27 08:59:00.55",811,0,0,0,0,0,0
"2023-05-27 08:59:00.6",812,0,0,0,0,0,0
"2023-05-27 08:59:00.65",813,0,0,0,0,0,0
"2023-05-27 08:59:00.7",814,0,0,0,0,0,0
"2023-05-27 08:59:00.75",815,0,0,0,0,0,0
"2023-05-27 08:59:00.8",816,0,0,0,0,0,0
"2023-05-27 08:59:00.85",817,0,0,0,0,0,0
"2023-05-27 08:59:00.9",818,0,0,0,0,0,0
"2023-05-27 08:59:00.95",819,0,0,0,0,0,0
"2023-05-27 08:59:01",820,0,0,0,0,0,0
"2023-05-27 08:59:01.05",821,0,0,0,0,0,0
"2023-05-27 08:59:01.1",822,0,0,0,0,0,0
"2023-05-27 08:59:01.15",823,0,0,0,0,0,0
"2023-05-27 08:59:01.2",824,0,0,0,0,0,0
"2023-05-27 08:59:01.25",825,0,0,0,0,0,0
"2023-05-27 08:59:01.3",826,0,0,0,0,0,0
"2023-05-27 08:59:01.35",827,0,0,0,0,0,0
"2023-05-27 08:59:01.4",828,0,0,0,0,0,0
"2023-05-27 08:59:01.45",829,0,0,0,0,0,0
"2023-05-27 08:59:01.5",830,0,0,0,0,0,0
"2023-05-27 08:59:01.55",831,0,0,0,0,0,0
"2023-05-27 08:59:01.6",832,0,0,0,0,0,0
"2023-05-27 08:59:01.65",833,0,0,0,0,0,0
"2023-05-27 08:59:01.7",834,0,0,0,0,0,0
"2023-05-27 08:59:01.75",835,0,0,0,0,0,0
"2023-05-27 08:59:01.8",836,0,0,0,0,0,0
"2023-05-27 08:59:01.85",837,0,0,0,0,0,0
"2023-05-27 08:59:01.9",838,0,0,0,0,0,0
"2023-05-27 08:59:01.95",839,0,0,0,0,0,0
"2023-05-27 08:59:02",840,0,0,0,0,0,0
"2023-05-27 08:59:02.05",841,0,0,0,0,0,0
"2023-05-27 08:59:02.1",842,0,0,0,0,0,0
"2023-05-27 08:59:02.15",843,0,0,0,0,0,0
"2023-05-27 08:59:02.2",844,0,0,0,0,0,0
"2023-05-27 08:59:02.25",845,0,0,0,0,0,0
"2023-05-27 08:59:02.3",846,0,0,0,0,0,0
"2023-05-27 08:59:02.35",847,0,0,0,0,0,0
"2023-05-27 08:59:02.4",848,0,0,0,0,0,0
"2023-05-27 08:59:02.45",849,0,0,0,0,0,0
"2023-05-27 08:59:02.5",850,0,0,0,0,0,0
"2023-05-27 08:59:02.55",851,0,0,0,0,0,0
"2023-05-27 08:59:02.6",852,0,0,0,0,0,0
"2023-05-27 08:59:02.65",853,0,0,0,0,0,0
"2023-05-27 08:59:02.7",854,0,0,0,0,0,0
"2023-05-27 08:59:02.75",855,0,0,0,0,0,0
"2023-05-27 08:59:02.8",856,0,0,0,0,0,0
"2023-05-27 08:59:02.85",857,0,0,0,0,0,0
"2023-05-27 08:59:02.9",858,0,0,0,0,0,0
"2023-05-27 08:59:02.95",859,0,0,0,0,0,0
"2023-05-27 08:59:03",860,0,0,0,0,0,0
"2023-05-27 08:59:03.05",861,0,0,0,0,0,0
"2023-05-27 08:59:03.1",862,0,0,0,0,0,0
"2023-05-27 08:59:03.15",863,0,0,0,0,0,0
"2023-05-27 08:59:03.2",864,0,0,0,0,0,0
"2023-05-27 08:59:03.25",865,0,0,0,0,0,0
"2023-05-27 08:59:03.3",866,0,0,0,0,0,0
"2023-05-27 08:59:03.35",867,0,0,0,0,0,0
"2023-05-27 08:59:03.4",868,0,0,0,0,0,0
"2023-05-27 08:59:03.45",869,0,0,0,0,0,0
"2023-05-27 08:59:03.5",870,0,0,0,0,0,0
"2023-05-27 08:59:03.55",871,0,0,0,0,0,0
"2023-05-27 08:59:03.6",872,0,0,0,0,0,0
"2023-05-27 08:59:03.65",873,0,0,0,0,0,0
"2023-05-27 08:59:03.7",874,0,0,0,0,0,0
"2023-05-27 08:59:03.75",875,0,0,0,0,0,0
"2023-05-27 08:59:03.8",876,0,0,0,0,0,0
"2023-05-27 08:59:03.85",877,0,0,0,0,0,0
"2023-05-27 08:59:03.9",878,0,0,0,0,0,0
"2023-05-27 08:59:03.95",879,0,0,0,0,0,0
"2023-05-27 08:59:04",880,0,0,0,0,0,0
"2023-05-27 08:59:04.05",881,0,0,0,0,0,0
"2023-05-27 08:59:04.1",882,0,0,0,0,0,0
"2023-05-27 08:59:04.15",883,0,0,0,0,0,0
"2023-05-27 08:59:04.2",884,0,0,0,0,0,0
"2023-05-27 08:59:04.25",885,0,0,0,0,0,0
"2023-05-27 08:59:04.3",886,0,0,0,0,0,0
"2023-05-27 08:59:04.35",887,0,0,0,0,0,0
"2023-05-27 08:59:04.4",888,0,0,0,0,0,0
"2023-05-27 08:59:04.45",889,0,0,0,0,0,0
"2023-05-27 08:59:04.5",890,0,0,0,0,0,0
"2023-05-27 08:59:04.55",891,0,0,0,0,0,0
"2023-05-27 08:59:04.6",892,0,0,0,0,0,0
"2023-05-27 08:59:04.65",893,0,0,0,0,0,0
"2023-05-27 08:59:04.7",894,0,0,0,0,0,0
"2023-05-27 08:59:04.75",895,0,0,0,0,0,0
"2023-05-27 08:59:04.8",896,0,0,0,0,0,0
"2023-05-27 08:59:04.85",897,0,0,0,0,0,0
"2023-05-27 08:59:04.9",898,0,0,0,0,0,0
"2023-05-27 08:59:04.95",899,0,0,0,0,0,0
"2023-05-27 08:59:05",900,0,0,0,0,0,0
"2023-05-27 08:59:05.05",901,0,0,0,0,0,0
"2023-05-27 08:59:05.1",902,0,0,0,0,0,0
"2023-05-27 08:59:05.15",903,0,0,0,0,0,0
"2023-05-27 08:59:05.2",904,0,0,0,0,0,0
"2023-05-27 08:59:05.25",905,0,0,0,0,0,0
"2023-05-27 08:59:05.3",906,0,0,0,0,0,0
"2023-05-27 08:59:05.35",907,0,0,0,0,0,0
"2023-05-27 08:59:05.4",908,0,0,0,0,0,0
"2023-05-27 08:59:05.45",909,0,0,0,0,0,0
"2023-05-27 08:59:05.5",910,0,0,0,0,0,0
"2023-05-27 08:59:05.55",911,0,0,0,0,0,0
"2023-05-27 08:59:05.6",912,0,0,0,0,0,0
"2023-05-27 08:59:05.65",913,0,0,0,0,0,0
"2023-05-27 08:59:05.7",914,0,0,0,0,0,0
"2023-05-27 08:59:05.75",915,0,0,0,0,0,0
"2023-05-27 08:59:05.8",916,0,0,0,0,0,0
"2023-05-27 08:59:05.85",917,0,0,0,0,0,0
"2023-05-27 08:59:05.9",918,0,0,0,0,0,0
"2023-05-27 08:59:05.95",919,0,0,0,0,0,0
"2023-05-27 08:59:06",920,0,0,0,0,0,0
"2023-05-27 08:59:06.05",921,0,0,0,0,0,0
"2023-05-27 08:59:06.1",922,0,0,0,0,0,0
"2023-05-27 08:59:06.15",923,0,0,0,0,0,0
"2023-05-27 08:59:06.2",924,0,0,0,0,0,0
"2023-05-27 08:59:06.25",925,0,0,0,0,0,0
"2023-05-27 08:59:06.3",926,0,0,0,0,0,0
"2023-05-27 08:59:06.35",927,0,0,0,0,0,0
"2023-05-27 08:59:06.4",928,0,0,0,0,0,0
"2023-05-27 08:59:06.45",929,0,0,0,0,0,0
"2023-05-27 08:59:06.5",930,0,0,0,0,0,0
"2023-05-27 08:59:06.55",931,0,0,0,0,0,0
"2023-05-27 08:59:06.6",932,0,0,0,0,0,0
"2023-05-27 08:59:06.65",933,0,0,0,0,0,0
"2023-05-27 08:59:06.7",934,0,0,0,0,0,0
"2023-05-27 08:59:06.75",935,0,0,0,0,0,0
"2023-05-27 08:59:06.8",936,0,0,0,0,0,0
"2023-05-27 08:59:06.85",937,0,0,0,0,0,0
"2023-05-27 08:59:06.9",938,0,0,0,0,0,0
"2023-05-27 08:59:06.95",939,0,0,0,0,0,0
"2023-05-27 08:59:07",940,0,0,0,0,0,0
"2023-05-27 08:59:07.05",941,0,0,0,0,0,0
"2023-05-27 08:59:07.1",942,0,0,0,0,0,0
"2023-05-27 08:59:07.15",943,0,0,0,0,0,0
"2023-05-27 08:59:07.2",944,0,0,0,0,0,0
"2023-05-27 08:59:07.25",945,0,0,0,0,0,0
"2023-05-27 08:59:07.3",946,0,0,0,0,0,0
"2023-05-27 08:59:07.35",947,0,0,0,0,0,0
"2023-05-27 08:59:07.4",948,0,0,0,0,0,0
"2023-05-27 08:59:07.45",949,0,0,0,0,0,0
"2023-05-27 08:59:07.5",950,0,0,0,0,0,0
"2023-05-27 08:59:07.55",951,0,0,0,0,0,0
"2023-05-27 08:59:07.6",952,0,0,0,0,0,0
"2023-05-27 08:59:07.65",953,0,0,0,0,0,0
"2023-05-27 08:59:07.7",954,0,0,0,0,0,0
"2023-05-27 08:59:07.75",955,0,0,0,0,0,0
"2023-05-27 08:59:07.8",956,0,0,0,0,0,0
"2023-05-27 08:59:07.85",957,0,0,0,0,0,0
"2023-05-27 08:59:07.9",958,0,0,0,0,0,0
"2023-05-27 08:59:07.95",959,0,0,0,0,0,0
"2023-05-27 08:59:08",960,0,0,0,0,0,0
"2023-05-27 08:59:08.05",961,0,0,0,0,0,0
"2023-05-27 08:59:08.1",962,0,0,0,0,0,0
"2023-05-27 08:59:08.15",963,0,0,0,0,0,0
"2023-05-27 08:59:08.2",964,0,0,0,0,0,0
"2023-05-27 08:59:08.25",965,0,0,0,0,0,0
"2023-05-27 08:59:08.3",966,0,0,0,0,0,0
"2023-05-27 08:59:08.35",967,0,0,0,0,0,0
"2023-05-27 08:59:08.4",968,0,0,0,0,0,0
"2023-05-27 08:59:08.45",969,0,0,0,0,0,0
"2023-05-27 08:59:08.5",970,0,0,0,0,0,0
"2023-05-27 08:59:08.55",971,0,0,0,0,0,0
"2023-05-27 08:59:08.6",972,0,0,0,0,0,0
"2023-05-27 08:59:08.65",973,0,0,0,0,0,0
"2023-05-27 08:59:08.7",974,0,0,0,0,0,0
"2023-05-27 08:59:08.75",975,0,0,0,0,0,0
"2023-05-27 08:59:08.8",976,0,0,0,0,0,0
"2023-05-27 08:59:08.85",977,0,0,0,0,0,0
"2023-05-27 08:59:08.9",978,0,0,0,0,0,0
"2023-05-27 08:59:08.95",979,0,0,0,0,0,0
"2023-05-27 08:59:09",980,0,0,0,0,0,0
"2023-05-27 08:59:09.05",981,0,0,0,0,0,0
"2023-05-27 08:59:09.1",982,0,0,0,0,0,0
"2023-05-27 08:59:09.15",983,0,0,0,0,0,0
"2023-05-27 08:59:09.2",984,0,0,0,0,0,0
"2023-05-27 08:59:09.25",985,0,0,0,0,0,0
"2023-05-27 08:59:09.3",986,0,0,0,0,0,0
"2023-05-27 08:59:09.35",987,0,0,0,0,0,0
"2023-05-27 08:59:09.4",988,0,0,0,0,0,0
"2023-05-27 08:59:09.45",989,0,0,0,0,0,0
"2023-05-27 08:59:09.5",990,0,0,0,0,0,0
"2023-05-27 08:59:09.55",991,0,0,0,0,0,0
"2023-05-27 08:59:09.6",992,0,0,0,0,0,0
"2023-05-27 08:59:09.65",993,0,0,0,0,0,0
"2023-05-27 08:59:09.7",994,0,0,0,0,0,0
"2023-05-27 08:59:09.75",995,0,0,0,0,0,0
"2023-05-27 08:59:09.8",996,0,0,0,0,0,0
"2023-05-27 08:59:09.85",997,0,0,0,0,0,0
"2023-05-27 08:59:09.9",998,0,0,0,0,0,0
"2023-05-27 08:59:09.95",999,0,0,0,0,0,0
"2023-05-27 08:59:10",1000,0,0,0,0,0,0
"2023-05-27 08:59:10.05",1001,0,0,0,0,0,0
"2023-05-27 08:59:10.1",1002,0,0,0,0,0,0
"2023-05-27 08:59:10.15",1003,0,0,0,0,0,0
"2023-05-27 08:59:10.2",1004,0,0,0,0,0,0
"2023-05-27 08:59:10.25",1005,0,0,0,0,0,0
"2023-05-27 08:59:10.3",1006,0,0,0,0,0,0
"2023-05-27 08:59:10.35",1007,0,0,0,0,0,0
"2023-05-27 08:59:10.4",1008,0,0,0,0,0,0
"2023-05-27 08:59:10.45",1009,0,0,0,0,0,0
"2023-05-27 08:59:10.5",1010,0,0,0,0,0,0
"2023-05-27 08:59:10.55",1011,0,0,0,0,0,0
"2023-05-27 08:59:10.6",1012,0,0,0,0,0,0
"2023-05-27 08:59:10.65",1013,0,0,0,0,0,0
"2023-05-27 08:59:10.7",1014,0,0,0,0,0,0
"2023-05-27 08:59:10.75",1015,0,0,0,0,0,0
"2023-05-27 08:59:10.8",1016,0,0,0,0,0,0
"2023-05-27 08:59:10.85",1017,0,0,0,0,0,0
"2023-05-27 08:59:10.9",1018,0,0,0,0,0,0
"2023-05-27 08:59:10.95",1019,0,0,0,0,0,0
"2023-05-27 08:59:11",1020,0,0,0,0,0,0
"2023-05-27 08:59:11.05",1021,0,0,0,0,0,0
"2023-05-27 08:59:11.1",1022,0,0,0,0,0,0
"2023-05-27 08:59:11.15",1023,0,0,0,0,0,0
"2023-05-27 08:59:11.2",1024,0,0,0,0,0,0
"2023-05-27 08:59:11.25",1025,0,0,0,0,0,0
"2023-05-27 08:59:11.3",1026,0,0,0,0,0,0
"2023-05-27 08:59:11.35",1027,0,0,0,0,0,0
"2023-05-27 08:59:11.4",1028,0,0,0,0,0,0
"2023-05-27 08:59:11.45",1029,0,0,0,0,0,0
"2023-05-27 08:59:11.5",1030,0,0,0,0,0,0
"2023-05-27 08:59:11.55",1031,0,0,0,0,0,0
"2023-05-27 08:59:11.6",1032,0,0,0,0,0,0
"2023-05-27 08:59:11.65",1033,0,0,0,0,0,0
"2023-05-27 08:59:11.7",1034,0,0,0,0,0,0
"2023-05-27 08:59:11.75",1035,0,0,0,0,0,0
"2023-05-27 08:59:11.8",1036,0,0,0,0,0,0
"2023-05-27 08:59:11.85",1037,0,0,0,0,0,0
"2023-05-27 08:59:11.9",1038,0,0,0,0,0,0
"2023-05-27 08:59:11.95",1039,0,0,0,0,0,0
"2023-05-27 08:59:12",1040,0,0,0,0,0,0
"2023-05-27 08:59:12.05",1041,0,0,0,0,0,0
"2023-05-27 08:59:12.1",1042,0,0,0,0,0,0
"2023-05-27 08:59:12.15",1043,0,0,0,0,0,0
"2023-05-27 08:59:12.2",1044,0,0,0,0,0,0
"2023-05-27 08:59:12.25",1045,0,0,0,0,0,0
"2023-05-27 08:59:12.3",1046,0,0,0,0,0,0
"2023-05-27 08:59:12.35",1047,0,0,0,0,0,0
"2023-05-27 08:59:12.4",1048,0,0,0,0,0,0
"2023-05-27 08:59:12.45",1049,0,0,0,0,0,0
"2023-05-27 08:59:12.5",1050,0,0,0,0,0,0
"2023-05-27 08:59:12.55",1051,0,0,0,0,0,0
"2023-05-27 08:59:12.6",1052,0,0,0,0,0,0
"2023-05-27 08:59:12.65",1053,0,0,0,0,0,0
"2023-05-27 08:59:12.7",1054,0,0,0,0,0,0
"2023-05-27 08:59:12.75",1055,0,0,0,0,0,0
"2023-05-27 08:59:12.8",1056,0,0,0,0,0,0
"2023-05-27 08:59:12.85",1057,0,0,0,0,0,0
"2023-05-27 08:59:12.9",1058,0,0,0,0,0,0
"2023-05-27 08:59:12.95",1059,0,0,0,0,0,0
"2023-05-27 08:59:13",1060,0,0,0,0,0,0
"2023-05-27 08:59:13.05",1061,0,0,0,0,0,0
"2023-05-27 08:59:13.1",1062,0,0,0,0,0,0
"2023-05-27 08:59:13.15",1063,0,0,0,0,0,0
"2023-05-27 08:59:13.2",1064,0,0,0,0,0,0
"2023-05-27 08:59:13.25",1065,0,0,0,0,0,0
"2023-05-27 08:59:13.3",1066,0,0,0,0,0,0
"2023-05-27 08:59:13.35",1067,0,0,0,0,0,0
"2023-05-27 08:59:13.4",1068,0,0,0,0,0,0
"2023-05-27 08:59:13.45",1069,0,0,0,0,0,0
"2023-05-27 08:59:13.5",1070,0,0,0,0,0,0
"2023-05-27 08:59:13.55",1071,0,0,0,0,0,0
"2023-05-27 08:59:13.6",1072,0,0,0,0,0,0
"2023-05-27 08:59:13.65",1073,0,0,0,0,0,0
"2023-05-27 08:59:13.7",1074,0,0,0,0,0,0
"2023-05-27 08:59:13.75",1075,0,0,0,0,0,0
"2023-05-27 08:59:13.8",1076,0,0,0,0,0,0
"2023-05-27 08:59:13.85",1077,0,0,0,0,0,0
"2023-05-27 08:59:13.9",1078,0,0,0,0,0,0
"2023-05-27 08:59:13.95",1079,0,0,0,0,0,0
"2023-05-27 08:59:14",1080,0,0,0,0,0,0
"2023-05-27 08:59:14.05",1081,0,0,0,0,0,0
"2023-05-27 08:59:14.1",1082,0,0,0,0,0,0
"2023-05-27 08:59:14.15",1083,0,0,0,0,0,0
"2023-05-27 08:59:14.2",1084,0,0,0,0,0,0
"2023-05-27 08:59:14.25",1085,0,0,0,0,0,0
"2023-05-27 08:59:14.3",1086,0,0,0,0,0,0
"2023-05-27 08:59:14.35",1087,0,0,0,0,0,0
"2023-05-27 08:59:14.4",1088,0,0,0,0,0,0
"2023-05-27 08:59:14.45",1089,0,0,0,0,0,0
"2023-05-27 08:59:14.5",1090,0,0,0,0,0,0
"2023-05-27 08:59:14.55",1091,0,0,0,0,0,0
"2023-05-27 08:59:14.6",1092,0,0,0,0,0,0
"2023-05-27 08:59:14.65",1093,0,0,0,0,0,0
"2023-05-27 08:59:14.7",1094,0,0,0,0,0,0
"2023-05-27 08:59:14.75",1095,0,0,0,0,0,0
"2023-05-27 08:59:14.8",1096,0,0,0,0,0,0
"2023-05-27 08:59:14.85",1097,0,0,0,0,0,0
"2023-05-27 08:59:14.9",1098,0,0,0,0,0,0
"2023-05-27 08:59:14.95",1099,0,0,0,0,0,0
"2023-05-27 08:59:15",1100,0,0,0,0,0,0
"2023-05-27 08:59:15.05",1101,0,0,0,0,0,0
"2023-05-27 08:59:15.1",1102,0,0,0,0,0,0
"2023-05-27 08:59:15.15",1103,0,0,0,0,0,0
"2023-05-27 08:59:15.2",1104,0,0,0,0,0,0
"2023-05-27 08:59:15.25",1105,0,0,0,0,0,0
"2023-05-27 08:59:15.3",1106,0,0,0,0,0,0
"2023-05-27 08:59:15.35",1107,0,0,0,0,0,0
"2023-05-27 08:59:15.4",1108,0,0,0,0,0,0
"2023-05-27 08:59:15.45",1109,0,0,0,0,0,0
"2023-05-27 08:59:15.5",1110,0,0,0,0,0,0
"2023-05-27 08:59:15.55",1111,0,0,0,0,0,0
"2023-05-27 08:59:15.6",1112,0,0,0,0,0,0
"2023-05-27 08:59:15.65",1113,0,0,0,0,0,0
"2023-05-27 08:59:15.7",1114,0,0,0,0,0,0
"2023-05-27 08:59:15.75",1115,0,0,0,0,0,0
"2023-05-27 08:59:15.8",1116,0,0,0,0,0,0
"2023-05-27 08:59:15.85",1117,0,0,0,0,0,0
"2023-05-27 08:59:15.9",1118,0,0,0,0,0,0
"2023-05-27 08:59:15.95",1119,0,0,0,0,0,0
"2023-05-27 08:59:16",1120,0,0,0,0,0,0
"2023-05-27 08:59:16.05",1121,0,0,0,0,0,0
"2023-05-27 08:59:16.1",1122,0,0,0,0,0,0
"2023-05-27 08:59:16.15",1123,0,0,0,0,0,0
"2023-05-27 08:59:16.2",1124,0,0,0,0,0,0
"2023-05-27 08:59:16.25",1125,0,0,0,0,0,0
"2023-05-27 08:59:16.3",1126,0,0,0,0,0,0
"2023-05-27 08:59:16.35",1127,0,0,0,0,0,0
"2023-05-27 08:59:16.4",1128,0,0,0,0,0,0
"2023-05-27 08:59:16.45",1129,0,0,0,0,0,0
"2023-05-27 08:59:16.5",1130,0,0,0,0,0,0
"2023-05-27 08:59:16.55",1131,0,0,0,0,0,0
"2023-05-27 08:59:16.6",1132,0,0,0,0,0,0
"2023-05-27 08:59:16.65",1133,0,0,0,0,0,0
"2023-05-27 08:59:16.7",1134,0,0,0,0,0,0
"2023-05-27 08:59:16.75",1135,0,0,0,0,0,0
"2023-05-27 08:59:16.8",1136,0,0,0,0,0,0
"2023-05-27 08:59:16.85",1137,0,0,0,0,0,0
"2023-05-27 08:59:16.9",1138,0,0,0,0,0,0
"2023-05-27 08:59:16.95",1139,0,0,0,0,0,0
"2023-05-27 08:59:17",1140,0,0,0,0,0,0
"2023-05-27 08:59:17.05",1141,0,0,0,0,0,0
"2023-05-27 08:59:17.1",1142,0,0,0,0,0,0
"2023-05-27 08:59:17.15",1143,0,0,0,0,0,0
"2023-05-27 08:59:17.2",1144,0,0,0,0,0,0
"2023-05-27 08:59:17.25",1145,0,0,0,0,0,0
"2023-05-27 08:59:17.3",1146,0,0,0,0,0,0
"2023-05-27 08:59:17.35",1147,0,0,0,0,0,0
"2023-05-27 08:59:17.4",1148,0,0,0,0,0,0
"2023-05-27 08:59:17.45",1149,0,0,0,0,0,0
"2023-05-27 08:59:17.5",1150,0,0,0,0,0,0
"2023-05-27 08:59:17.55",1151,0,0,0,0,0,0
"2023-05-27 08:59:17.6",1152,0,0,0,0,0,0
"2023-05-27 08:59:17.65",1153,0,0,0,0,0,0
"2023-05-27 08:59:17.7",1154,0,0,0,0,0,0
"2023-05-27 08:59:17.75",1155,0,0,0,0,0,0
"2023-05-27 08:59:17.8",1156,0,0,0,0,0,0
"2023-05-27 08:59:17.85",1157,0,0,0,0,0,0
"2023-05-27 08:59:17.9",1158,0,0,0,0,0,0
"2023-05-27 08:59:17.95",1159,0,0,0,0,0,0
"2023-05-27 08:59:18",1160,0,0,0,0,0,0
"2023-05-27 08:59:18.05",1161,0,0,0,0,0,0
"2023-05-27 08:59:18.1",1162,0,0,0,0,0,0
"2023-05-27 08:59:18.15",1163,0,0,0,0,0,0
"2023-05-27 08:59:18.2",1164,0,0,0,0,0,0
"2023-05-27 08:59:18.25",1165,0,0,0,0,0,0
"2023-05-27 08:59:18.3",1166,0,0,0,0,0,0
"2023-05-27 08:59:18.35",1167,0,0,0,0,0,0
"2023-05-27 08:59:18.4",1168,0,0,0,0,0,0
"2023-05-27 08:59:18.45",1169,0,0,0,0,0,0
"2023-05-27 08:59:18.5",1170,0,0,0,0,0,0
"2023-05-27 08:59:18.55",1171,0,0,0,0,0,0
"2023-05-27 08:59:18.6",1172,0,0,0,0,0,0
"2023-05-27 08:59:18.65",1173,0,0,0,0,0,0
"2023-05-27 08:59:18.7",1174,0,0,0,0,0,0
"2023-05-27 08:59:18.75",1175,0,0,0,0,0,0
"2023-05-27 08:59:18.8",1176,0,0,0,0,0,0
"2023-05-27 08:59:18.85",1177,0,0,0,0,0,0
"2023-05-27 08:59:18.9",1178,0,0,0,0,0,0
"2023-05-27 08:59:18.95",1179,0,0,0,0,0,0
"2023-05-27 08:59:19",1180,0,0,0,0,0,0
"2023-05-27 08:59:19.05",1181,0,0,0,0,0,0
"2023-05-27 08:59:19.1",1182,0,0,0,0,0,0
"2023-05-27 08:59:19.15",1183,0,0,0,0,0,0
"2023-05-27 08:59:19.2",1184,0,0,0,0,0,0
"2023-05-27 08:59:19.25",1185,0,0,0,0,0,0
"2023-05-27 08:59:19.3",1186,0,0,0,0,0,0
"2023-05-27 08:59:19.35",1187,0,0,0,0,0,0
"2023-05-27 08:59:19.4",1188,0,0,0,0,0,0
"2023-05-27 08:59:19.45",1189,0,0,0,0,0,0
"2023-05-27 08:59:19.5",1190,0,0,0,0,0,0
"2023-05-27 08:59:19.55",1191,0,0,0,0,0,0
"2023-05-27 08:59:19.6",1192,0,0,0,0,0,0
"2023-05-27 08:59:19.65",1193,0,0,0,0,0,0
"2023-05-27 08:59:19.7",1194,0,0,0,0,0,0
"2023-05-27 08:59:19.75",1195,0,0,0,0,0,0
"2023-05-27 08:59:19.8",1196,0,0,0,0,0,0
"2023-05-27 08:59:19.85",1197,0,0,0,0,0,0
"2023-05-27 08:59:19.9",1198,0,0,0,0,0,0
"2023-05-27 08:59:19.95",1199,0,0,0,0,0,0
"2023-05-27 08:59:20",1200,0,0,0,0,0,0
"2023-05-27 08:59:20.05",1201,0,0,0,0,0,0
"2023-05-27 08:59:20.1",1202,0,0,0,0,0,0
"2023-05-27 08:59:20.15",1203,0,0,0,0,0,0
"2023-05-27 08:59:20.2",1204,0,0,0,0,0,0
"2023-05-27 08:59:20.25",1205,0,0,0,0,0,0
"2023-05-27 08:59:20.3",1206,0,0,0,0,0,0
"2023-05-27 08:59:20.35",1207,0,0,0,0,0,0
"2023-05-27 08:59:20.4",1208,0,0,0,0,0,0
"2023-05-27 08:59:20.45",1209,0,0,0,0,0,0
"2023-05-27 08:59:20.5",1210,0,0,0,0,0,0
"2023-05-27 08:59:20.55",1211,0,0,0,0,0,0
"2023-05-27 08:59:20.6",1212,0,0,0,0,0,0
"2023-05-27 08:59:20.65",1213,0,0,0,0,0,0
"2023-05-27 08:59:20.7",1214,0,0,0,0,0,0
"2023-05-27 08:59:20.75",1215,0,0,0,0,0,0
"2023-05-27 08:59:20.8",1216,0,0,0,0,0,0
"2023-05-27 08:59:20.85",1217,0,0,0,0,0,0
"2023-05-27 08:59:20.9",1218,0,0,0,0,0,0
"2023-05-27 08:59:20.95",1219,0,0,0,0,0,0
"2023-05-27 08:59:21",1220,0,0,0,0,0,0
"2023-05-27 08:59:21.05",1221,0,0,0,0,0,0
"2023-05-27 08:59:21.1",1222,0,0,0,0,0,0
"2023-05-27 08:59:21.15",1223,0,0,0,0,0,0
"2023-05-27 08:59:21.2",1224,0,0,0,0,0,0
"2023-05-27 08:59:21.25",1225,0,0,0,0,0,0
"2023-05-27 08:59:21.3",1226,0,0,0,0,0,0
"2023-05-27 08:59:21.35",1227,0,0,0,0,0,0
"2023-05-27 08:59:21.4",1228,0,0,0,0,0,0
"2023-05-27 08:59:21.45",1229,0,0,0,0,0,0
"2023-05-27 08:59:21.5",1230,0,0,0,0,0,0
"2023-05-27 08:59:21.55",1231,0,0,0,0,0,0
"2023-05-27 08:59:21.6",1232,0,0,0,0,0,0
"2023-05-27 08:59:21.65",1233,0,0,0,0,0,0
"2023-05-27 08:59:21.7",1234,0,0,0,0,0,0
"2023-05-27 08:59:21.75",1235,0,0,0,0,0,0
"2023-05-27 08:59:21.8",1236,0,0,0,0,0,0
"2023-05-27 08:59:21.85",1237,0,0,0,0,0,0
"2023-05-27 08:59:21.9",1238,0,0,0,0,0,0
"2023-05-27 08:59:21.95",1239,0,0,0,0,0,0
"2023-05-27 08:59:22",1240,0,0,0,0,0,0
"2023-05-27 08:59:22.05",1241,0,0,0,0,0,0
"2023-05-27 08:59:22.1",1242,0,0,0,0,0,0
"2023-05-27 08:59:22.15",1243,0,0,0,0,0,0
"2023-05-27 08:59:22.2",1244,0,0,0,0,0,0
"2023-05-27 08:59:22.25",1245,0,0,0,0,0,0
"2023-05-27 08:59:22.3",1246,0,0,0,0,0,0
"2023-05-27 08:59:22.35",1247,0,0,0,0,0,0
"2023-05-27 08:59:22.4",1248,0,0,0,0,0,0
"2023-05-27 08:59:22.45",1249,0,0,0,0,0,0
"2023-05-27 08:59:22.5",1250,0,0,0,0,0,0
"2023-05-27 08:59:22.55",1251,0,0,0,0,0,0
"2023-05-27 08:59:22.6",1252,0,0,0,0,0,0
"2023-05-27 08:59:22.65",1253,0,0,0,0,0,0
"2023-05-27 08:59:22.7",1254,0,0,0,0,0,0
"2023-05-27 08:59:22.75",1255,0,0,0,0,0,0
"2023-05-27 08:59:22.8",1256,0,0,0,0,0,0
"2023-05-27 08:59:22.85",1257,0,0,0,0,0,0
"2023-05-27 08:59:22.9",1258,0,0,0,0,0,0
"2023-05-27 08:59:22.95",1259,0,0,0,0,0,0
"2023-05-27 08:59:23",1260,0,0,0,0,0,0
"2023-05-27 08:59:23.05",1261,0,0,0,0,0,0
"2023-05-27 08:59:23.1",1262,0,0,0,0,0,0
"2023-05-27 08:59:23.15",1263,0,0,0,0,0,0
"2023-05-27 08:59:23.2",1264,0,0,0,0,0,0
"2023-05-27 08:59:23.25",1265,0,0,0,0,0,0
"2023-05-27 08:59:23.3",1266,0,0,0,0,0,0
"2023-05-27 08:59:23.35",1267,0,0,0,0,0,0
"2023-05-27 08:59:23.4",1268,0,0,0,0,0,0
"2023-05-27 08:59:23.45",1269,0,0,0,0,0,0
"2023-05-27 08:59:23.5",1270,0,0,0,0,0,0
"2023-05-27 08:59:23.55",1271,0,0,0,0,0,0
"2023-05-27 08:59:23.6",1272,0,0,0,0,0,0
"2023-05-27 08:59:23.65",1273,0,0,0,0,0,0
"2023-05-27 08:59:23.7",1274,0,0,0,0,0,0
"2023-05-27 08:59:23.75",1275,0,0,0,0,0,0
"2023-05-27 08:59:23.8",1276,0,0,0,0,0,0
"2023-05-27 08:59:23.85",1277,0,0,0,0,0,0
"2023-05-27 08:59:23.9",1278,0,0,0,0,0,0
"2023-05-27 08:59:23.95",1279,0,0,0,0,0,0
"2023-05-27 08:59:24",1280,0,0,0,0,0,0
"2023-05-27 08:59:24.05",1281,0,0,0,0,0,0
"2023-05-27 08:59:24.1",1282,0,0,0,0,0,0
"2023-05-27 08:59:24.15",1283,0,0,0,0,0,0
"2023-05-27 08:59:24.2",1284,0,0,0,0,0,0
"2023-05-27 08:59:24.25",1285,0,0,0,0,0,0
"2023-05-27 08:59:24.3",1286,0,0,0,0,0,0
"2023-05-27 08:59:24.35",1287,0,0,0,0,0,0
"2023-05-27 08:59:24.4",1288,0,0,0,0,0,0
"2023-05-27 08:59:24.45",1289,0,0,0,0,0,0
"2023-05-27 08:59:24.5",1290,0,0,0,0,0,0
"2023-05-27 08:59:24.55",1291,0,0,0,0,0,0
"2023-05-27 08:59:24.6",1292,0,0,0,0,0,0
"2023-05-27 08:59:24.65",1293,0,0,0,0,0,0
"2023-05-27 08:59:24.7",1294,0,0,0,0,0,0
"2023-05-27 08:59:24.75",1295,0,0,0,0,0,0
"2023-05-27 08:59:24.8",1296,0,0,0,0,0,0
"2023-05-27 08:59:24.85",1297,0,0,0,0,0,0
"2023-05-27 08:59:24.9",1298,0,0,0,0,0,0
"2023-05-27 08:59:24.95",1299,0,0,0,0,0,0
"2023-05-27 08:59:25",1300,0,0,0,0,0,0
"2023-05-27 08:59:25.05",1301,0,0,0,0,0,0
"2023-05-27 08:59:25.1",1302,0,0,0,0,0,0
"2023-05-27 08:59:25.15",1303,0,0,0,0,0,0
"2023-05-27 08:59:25.2",1304,0,0,0,0,0,0
"2023-05-27 08:59:25.25",1305,0,0,0,0,0,0
"2023-05-27 08:59:25.3",1306,0,0,0,0,0,0
"2023-05-27 08:59:25.35",1307,0,0,0,0,0,0
"2023-05-27 08:59:25.4",1308,0,0,0,0,0,0
"2023-05-27 08:59:25.45",1309,0,0,0,0,0,0
"2023-05-27 08:59:25.5",1310,0,0,0,0,0,0
"2023-05-27 08:59:25.55",1311,0,0,0,0,0,0
"2023-05-27 08:59:25.6",1312,0,0,0,0,0,0
"2023-05-27 08:59:25.65",1313,0,0,0,0,0,0
"2023-05-27 08:59:25.7",1314,0,0,0,0,0,0
"2023-05-27 08:59:25.75",1315,0,0,0,0,0,0
"2023-05-27 08:59:25.8",1316,0,0,0,0,0,0
"2023-05-27 08:59:25.85",1317,0,0,0,0,0,0
"2023-05-27 08:59:25.9",1318,0,0,0,0,0,0
"2023-05-27 08:59:25.95",1319,0,0,0,0,0,0
"2023-05-27 08:59:26",1320,0,0,0,0,0,0
"2023-05-27 08:59:26.05",1321,0,0,0,0,0,0
"2023-05-27 08:59:26.1",1322,0,0,0,0,0,0
"2023-05-27 08:59:26.15",1323,0,0,0,0,0,0
"2023-05-27 08:59:26.2",1324,0,0,0,0,0,0
"2023-05-27 08:59:26.25",1325,0,0,0,0,0,0
"2023-05-27 08:59:26.3",1326,0,0,0,0,0,0
"2023-05-27 08:59:26.35",1327,0,0,0,0,0,0
"2023-05-27 08:59:26.4",1328,0,0,0,0,0,0
"2023-05-27 08:59:26.45",1329,0,0,0,0,0,0
"2023-05-27 08:59:26.5",1330,0,0,0,0,0,0
"2023-05-27 08:59:26.55",1331,0,0,0,0,0,0
"2023-05-27 08:59:26.6",1332,0,0,0,0,0,0
"2023-05-27 08:59:26.65",1333,0,0,0,0,0,0
"2023-05-27 08:59:26.7",1334,0,0,0,0,0,0
"2023-05-27 08:59:26.75",1335,0,0,0,0,0,0
"2023-05-27 08:59:26.8",1336,0,0,0,0,0,0
"2023-05-27 08:59:26.85",1337,0,0,0,0,0,0
"2023-05-27 08:59:26.9",1338,0,0,0,0,0,0
"2023-05-27 08:59:26.95",1339,0,0,0,0,0,0
"2023-05-27 08:59:27",1340,0,0,0,0,0,0
"2023-05-27 08:59:27.05",1341,0,0,0,0,0,0
"2023-05-27 08:59:27.1",1342,0,0,0,0,0,0
"2023-05-27 08:59:27.15",1343,0,0,0,0,0,0
"2023-05-27 08:59:27.2",1344,0,0,0,0,0,0
"2023-05-27 08:59:27.25",1345,0,0,0,0,0,0
"2023-05-27 08:59:27.3",1346,0,0,0,0,0,0
"2023-05-27 08:59:27.35",1347,0,0,0,0,0,0
"2023-05-27 08:59:27.4",1348,0,0,0,0,0,0
"2023-05-27 08:59:27.45",1349,0,0,0,0,0,0
"2023-05-27 08:59:27.5",1350,0,0,0,0,0,0
"2023-05-27 08:59:27.55",1351,0,0,0,0,0,0
"2023-05-27 08:59:27.6",1352,0,0,0,0,0,0
"2023-05-27 08:59:27.65",1353,0,0,0,0,0,0
"2023-05-27 08:59:27.7",1354,0,0,0,0,0,0
"2023-05-27 08:59:27.75",1355,0,0,0,0,0,0
"2023-05-27 08:59:27.8",1356,0,0,0,0,0,0
"2023-05-27 08:59:27.85",1357,0,0,0,0,0,0
"2023-05-27 08:59:27.9",1358,0,0,0,0,0,0
"2023-05-27 08:59:27.95",1359,0,0,0,0,0,0
"2023-05-27 08:59:28",1360,0,0,0,0,0,0
"2023-05-27 08:59:28.05",1361,0,0,0,0,0,0
"2023-05-27 08:59:28.1",1362,0,0,0,0,0,0
"2023-05-27 08:59:28.15",1363,0,0,0,0,0,0
"2023-05-27 08:59:28.2",1364,0,0,0,0,0,0
"2023-05-27 08:59:28.25",1365,0,0,0,0,0,0
"2023-05-27 08:59:28.3",1366,0,0,0,0,0,0
"2023-05-27 08:59:28.35",1367,0,0,0,0,0,0
"2023-05-27 08:59:28.4",1368,0,0,0,0,0,0
"2023-05-27 08:59:28.45",1369,0,0,0,0,0,0
"2023-05-27 08:59:28.5",1370,0,0,0,0,0,0
"2023-05-27 08:59:28.55",1371,0,0,0,0,0,0
"2023-05-27 08:59:28.6",1372,0,0,0,0,0,0
"2023-05-27 08:59:28.65",1373,0,0,0,0,0,0
"2023-05-27 08:59:28.7",1374,0,0,0,0,0,0
"2023-05-27 08:59:28.75",1375,0,0,0,0,0,0
"2023-05-27 08:59:28.8",1376,0,0,0,0,0,0
"2023-05-27 08:59:28.85",1377,0,0,0,0,0,0
"2023-05-27 08:59:28.9",1378,0,0,0,0,0,0
"2023-05-27 08:59:28.95",1379,0,0,0,0,0,0
"2023-05-27 08:59:29",1380,0,0,0,0,0,0
"2023-05-27 08:59:29.05",1381,0,0,0,0,0,0
"2023-05-27 08:59:29.1",1382,0,0,0,0,0,0
"2023-05-27 08:59:29.15",1383,0,0,0,0,0,0
"2023-05-27 08:59:29.2",1384,0,0,0,0,0,0
"2023-05-27 08:59:29.25",1385,0,0,0,0,0,0
"2023-05-27 08:59:29.3",1386,0,0,0,0,0,0
"2023-05-27 08:59:29.35",1387,0,0,0,0,0,0
"2023-05-27 08:59:29.4",1388,0,0,0,0,0,0
"2023-05-27 08:59:29.45",1389,0,0,0,0,0,0
"2023-05-27 08:59:29.5",1390,0,0,0,0,0,0
"2023-05-27 08:59:29.55",1391,0,0,0,0,0,0
"2023-05-27 08:59:29.6",1392,0,0,0,0,0,0
"2023-05-27 08:59:29.65",1393,0,0,0,0,0,0
"2023-05-27 08:59:29.7",1394,0,0,0,0,0,0
"2023-05-27 08:59:29.75",1395,0,0,0,0,0,0
"2023-05-27 08:59:29.8",1396,0,0,0,0,0,0
"2023-05-27 08:59:29.85",1397,0,0,0,0,0,0
"2023-05-27 08:59:29.9",1398,0,0,0,0,0,0
"2023-05-27 08:59:29.95",1399,0,0,0,0,0,0
"2023-05-27 08:59:30",1400,0,0,0,0,0,0
"2023-05-27 08:59:30.05",1401,0,0,0,0,0,0
"2023-05-27 08:59:30.1",1402,0,0,0,0,0,0
"2023-05-27 08:59:30.15",1403,0,0,0,0,0,0
"2023-05-27 08:59:30.2",1404,0,0,0,0,0,0
"2023-05-27 08:59:30.25",1405,0,0,0,0,0,0
"2023-05-27 08:59:30.3",1406,0,0,0,0,0,0
"2023-05-27 08:59:30.35",1407,0,0,0,0,0,0
"2023-05-27 08:59:30.4",1408,0,0,0,0,0,0
"2023-05-27 08:59:30.45",1409,0,0,0,0,0,0
"2023-05-27 08:59:30.5",1410,0,0,0,0,0,0
"2023-05-27 08:59:30.55",1411,0,0,0,0,0,0
"2023-05-27 08:59:30.6",1412,0,0,0,0,0,0
"2023-05-27 08:59:30.65",1413,0,0,0,0,0,0
"2023-05-27 08:59:30.7",1414,0,0,0,0,0,0
"2023-05-27 08:59:30.75",1415,0,0,0,0,0,0
"2023-05-27 08:59:30.8",1416,0,0,0,0,0,0
"2023-05-27 08:59:30.85",1417,0,0,0,0,0,0
"2023-05-27 08:59:30.9",1418,0,0,0,0,0,0
"2023-05-27 08:59:30.95",1419,0,0,0,0,0,0
"2023-05-27 08:59:31",1420,0,0,0,0,0,0
"2023-05-27 08:59:31.05",1421,0,0,0,0,0,0
"2023-05-27 08:59:31.1",1422,0,0,0,0,0,0
"2023-05-27 08:59:31.15",1423,0,0,0,0,0,0
"2023-05-27 08:59:31.2",1424,0,0,0,0,0,0
"2023-05-27 08:59:31.25",1425,0,0,0,0,0,0
"2023-05-27 08:59:31.3",1426,0,0,0,0,0,0
"2023-05-27 08:59:31.35",1427,0,0,0,0,0,0
"2023-05-27 08:59:31.4",1428,0,0,0,0,0,0
"2023-05-27 08:59:31.45",1429,0,0,0,0,0,0
"2023-05-27 08:59:31.5",1430,0,0,0,0,0,0
"2023-05-27 08:59:31.55",1431,0,0,0,0,0,0
"2023-05-27 08:59:31.6",1432,0,0,0,0,0,0
"2023-05-27 08:59:31.65",1433,0,0,0,0,0,0
"2023-05-27 08:59:31.7",1434,0,0,0,0,0,0
"2023-05-27 08:59:31.75",1435,0,0,0,0,0,0
"2023-05-27 08:59:31.8",1436,0,0,0,0,0,0
"2023-05-27 08:59:31.85",1437,0,0,0,0,0,0
"2023-05-27 08:59:31.9",1438,0,0,0,0,0,0
"2023-05-27 08:59:31.95",1439,0,0,0,0,0,0
"2023-05-27 08:59:32",1440,0,0,0,0,0,0
"2023-05-27 08:59:32.05",1441,0,0,0,0,0,0
"2023-05-27 08:59:32.1",1442,0,0,0,0,0,0
"2023-05-27 08:59:32.15",1443,0,0,0,0,0,0
"2023-05-27 08:59:32.2",1444,0,0,0,0,0,0
"2023-05-27 08:59:32.25",1445,0,0,0,0,0,0
"2023-05-27 08:59:32.3",1446,0,0,0,0,0,0
"2023-05-27 08:59:32.35",1447,0,0,0,0,0,0
"2023-05-27 08:59:32.4",1448,0,0,0,0,0,0
"2023-05-27 08:59:32.45",1449,0,0,0,0,0,0
"2023-05-27 08:59:32.5",1450,0,0,0,0,0,0
"2023-05-27 08:59:32.55",1451,0,0,0,0,0,0
"2023-05-27 08:59:32.6",1452,0,0,0,0,0,0
"2023-05-27 08:59:32.65",1453,0,0,0,0,0,0
"2023-05-27 08:59:32.7",1454,0,0,0,0,0,0
"2023-05-27 08:59:32.75",1455,0,0,0,0,0,0
"2023-05-27 08:59:32.8",1456,0,0,0,0,0,0
"2023-05-27 08:59:32.85",1457,0,0,0,0,0,0
"2023-05-27 08:59:32.9",1458,0,0,0,0,0,0
"2023-05-27 08:59:32.95",1459,0,0,0,0,0,0
"2023-05-27 08:59:33",1460,0,0,0,0,0,0
"2023-05-27 08:59:33.05",1461,0,0,0,0,0,0
"2023-05-27 08:59:33.1",1462,0,0,0,0,0,0
"2023-05-27 08:59:33.15",1463,0,0,0,0,0,0
"2023-05-27 08:59:33.2",1464,0,0,0,0,0,0
"2023-05-27 08:59:33.25",1465,0,0,0,0,0,0
"2023-05-27 08:59:33.3",1466,0,0,0,0,0,0
"2023-05-27 08:59:33.35",1467,0,0,0,0,0,0
"2023-05-27 08:59:33.4",1468,0,0,0,0,0,0
"2023-05-27 08:59:33.45",1469,0,0,0,0,0,0
"2023-05-27 08:59:33.5",1470,0,0,0,0,0,0
"2023-05-27 08:59:33.55",1471,0,0,0,0,0,0
"2023-05-27 08:59:33.6",1472,0,0,0,0,0,0
"2023-05-27 08:59:33.65",1473,0,0,0,0,0,0
"2023-05-27 08:59:33.7",1474,0,0,0,0,0,0
"2023-05-27 08:59:33.75",1475,0,0,0,0,0,0
"2023-05-27 08:59:33.8",1476,0,0,0,0,0,0
"2023-05-27 08:59:33.85",1477,0,0,0,0,0,0
"2023-05-27 08:59:33.9",1478,0,0,0,0,0,0
"2023-05-27 08:59:33.95",1479,0,0,0,0,0,0
"2023-05-27 08:59:34",1480,0,0,0,0,0,0
"2023-05-27 08:59:34.05",1481,0,0,0,0,0,0
"2023-05-27 08:59:34.1",1482,0,0,0,0,0,0
"2023-05-27 08:59:34.15",1483,0,0,0,0,0,0
"2023-05-27 08:59:34.2",1484,0,0,0,0,0,0
"2023-05-27 08:59:34.25",1485,0,0,0,0,0,0
"2023-05-27 08:59:34.3",1486,0,0,0,0,0,0
"2023-05-27 08:59:34.35",1487,0,0,0,0,0,0
"2023-05-27 08:59:34.4",1488,0,0,0,0,0,0
"2023-05-27 08:59:34.45",1489,0,0,0,0,0,0
"2023-05-27 08:59:34.5",1490,0,0,0,0,0,0
"2023-05-27 08:59:34.55",1491,0,0,0,0,0,0
"2023-05-27 08:59:34.6",1492,0,0,0,0,0,0
"2023-05-27 08:59:34.65",1493,0,0,0,0,0,0
"2023-05-27 08:59:34.7",1494,0,0,0,0,0,0
"2023-05-27 08:59:34.75",1495,0,0,0,0,0,0
"2023-05-27 08:59:34.8",1496,0,0,0,0,0,0
"2023-05-27 08:59:34.85",1497,0,0,0,0,0,0
"2023-05-27 08:59:34.9",1498,0,0,0,0,0,0
"2023-05-27 08:59:34.95",1499,0,0,0,0,0,0
"2023-05-27 08:59:35",1500,0,0,0,0,0,0
"2023-05-27 08:59:35.05",1501,0,0,0,0,0,0
"2023-05-27 08:59:35.1",1502,0,0,0,0,0,0
"2023-05-27 08:59:35.15",1503,0,0,0,0,0,0
"2023-05-27 08:59:35.2",1504,0,0,0,0,0,0
"2023-05-27 08:59:35.25",1505,0,0,0,0,0,0
"2023-05-27 08:59:35.3",1506,0,0,0,0,0,0
"2023-05-27 08:59:35.35",1507,0,0,0,0,0,0
"2023-05-27 08:59:35.4",1508,0,0,0,0,0,0
"2023-05-27 08:59:35.45",1509,0,0,0,0,0,0
"2023-05-27 08:59:35.5",1510,0,0,0,0,0,0
"2023-05-27 08:59:35.55",1511,0,0,0,0,0,0
"2023-05-27 08:59:35.6",1512,0,0,0,0,0,0
"2023-05-27 08:59:35.65",1513,0,0,0,0,0,0
"2023-05-27 08:59:35.7",1514,0,0,0,0,0,0
"2023-05-27 08:59:35.75",1515,0,0,0,0,0,0
"2023-05-27 08:59:35.8",1516,0,0,0,0,0,0
"2023-05-27 08:59:35.85",1517,0,0,0,0,0,0
"2023-05-27 08:59:35.9",1518,0,0,0,0,0,0
"2023-05-27 08:59:35.95",1519,0,0,0,0,0,0
"2023-05-27 08:59:36",1520,0,0,0,0,0,0
"2023-05-27 08:59:36.05",1521,0,0,0,0,0,0
"2023-05-27 08:59:36.1",1522,0,0,0,0,0,0
"2023-05-27 08:59:36.15",1523,0,0,0,0,0,0
"2023-05-27 08:59:36.2",1524,0,0,0,0,0,0
"2023-05-27 08:59:36.25",1525,0,0,0,0,0,0
"2023-05-27 08:59:36.3",1526,0,0,0,0,0,0
"2023-05-27 08:59:36.35",1527,0,0,0,0,0,0
"2023-05-27 08:59:36.4",1528,0,0,0,0,0,0
"2023-05-27 08:59:36.45",1529,0,0,0,0,0,0
"2023-05-27 08:59:36.5",1530,0,0,0,0,0,0
"2023-05-27 08:59:36.55",1531,0,0,0,0,0,0
"2023-05-27 08:59:36.6",1532,0,0,0,0,0,0
"2023-05-27 08:59:36.65",1533,0,0,0,0,0,0
"2023-05-27 08:59:36.7",1534,0,0,0,0,0,0
"2023-05-27 08:59:36.75",1535,0,0,0,0,0,0
"2023-05-27 08:59:36.8",1536,0,0,0,0,0,0
"2023-05-27 08:59:36.85",1537,0,0,0,0,0,0
"2023-05-27 08:59:36.9",1538,0,0,0,0,0,0
"2023-05-27 08:59:36.95",1539,0,0,0,0,0,0
"2023-05-27 08:59:37",1540,0,0,0,0,0,0
"2023-05-27 08:59:37.05",1541,0,0,0,0,0,0
"2023-05-27 08:59:37.1",1542,0,0,0,0,0,0
"2023-05-27 08:59:37.15",1543,0,0,0,0,0,0
"2023-05-27 08:59:37.2",1544,0,0,0,0,0,0
"2023-05-27 08:59:37.25",1545,0,0,0,0,0,0
"2023-05-27 08:59:37.3",1546,0,0,0,0,0,0
"2023-05-27 08:59:37.35",1547,0,0,0,0,0,0
"2023-05-27 08:59:37.4",1548,0,0,0,0,0,0
"2023-05-27 08:59:37.45",1549,0,0,0,0,0,0
"2023-05-27 08:59:37.5",1550,0,0,0,0,0,0
"2023-05-27 08:59:37.55",1551,0,0,0,0,0,0
"2023-05-27 08:59:37.6",1552,0,0,0,0,0,0
"2023-05-27 08:59:37.65",1553,0,0,0,0,0,0
"2023-05-27 08:59:37.7",1554,0,0,0,0,0,0
"2023-05-27 08:59:37.75",1555,0,0,0,0,0,0
"2023-05-27 08:59:37.8",1556,0,0,0,0,0,0
"2023-05-27 08:59:37.85",1557,0,0,0,0,0,0
"2023-05-27 08:59:37.9",1558,0,0,0,0,0,0
"2023-05-27 08:59:37.95",1559,0,0,0,0,0,0
"2023-05-27 08:59:38",1560,0,0,0,0,0,0
"2023-05-27 08:59:38.05",1561,0,0,0,0,0,0
"2023-05-27 08:59:38.1",1562,0,0,0,0,0,0
"2023-05-27 08:59:38.15",1563,0,0,0,0,0,0
"2023-05-27 08:59:38.2",1564,0,0,0,0,0,0
"2023-05-27 08:59:38.25",1565,0,0,0,0,0,0
"2023-05-27 08:59:38.3",1566,0,0,0,0,0,0
"2023-05-27 08:59:38.35",1567,0,0,0,0,0,0
"2023-05-27 08:59:38.4",1568,0,0,0,0,0,0
"2023-05-27 08:59:38.45",1569,0,0,0,0,0,0
"2023-05-27 08:59:38.5",1570,0,0,0,0,0,0
"2023-05-27 08:59:38.55",1571,0,0,0,0,0,0
"2023-05-27 08:59:38.6",1572,0,0,0,0,0,0
"2023-05-27 08:59:38.65",1573,0,0,0,0,0,0
"2023-05-27 08:59:38.7",1574,0,0,0,0,0,0
"2023-05-27 08:59:38.75",1575,0,0,0,0,0,0
"2023-05-27 08:59:38.8",1576,0,0,0,0,0,0
"2023-05-27 08:59:38.85",1577,0,0,0,0,0,0
"2023-05-27 08:59:38.9",1578,0,0,0,0,0,0
"2023-05-27 08:59:38.95",1579,0,0,0,0,0,0
"2023-05-27 08:59:39",1580,0,0,0,0,0,0
"2023-05-27 08:59:39.05",1581,0,0,0,0,0,0
"2023-05-27 08:59:39.1",1582,0,0,0,0,0,0
"2023-05-27 08:59:39.15",1583,0,0,0,0,0,0
"2023-05-27 08:59:39.2",1584,0,0,0,0,0,0
"2023-05-27 08:59:39.25",1585,0,0,0,0,0,0
"2023-05-27 08:59:39.3",1586,0,0,0,0,0,0
"2023-05-27 08:59:39.35",1587,0,0,0,0,0,0
"2023-05-27 08:59:39.4",1588,0,0,0,0,0,0
"2023-05-27 08:59:39.45",1589,0,0,0,0,0,0
"2023-05-27 08:59:39.5",1590,0,0,0,0,0,0
"2023-05-27 08:59:39.55",1591,0,0,0,0,0,0
"2023-05-27 08:59:39.6",1592,0,0,0,0,0,0
"2023-05-27 08:59:39.65",1593,0,0,0,0,0,0
"2023-05-27 08:59:39.7",1594,0,0,0,0,0,0
"2023-05-27 08:59:39.75",1595,0,0,0,0,0,0
"2023-05-27 08:59:39.8",1596,0,0,0,0,0,0
"2023-05-27 08:59:39.85",1597,0,0,0,0,0,0
"2023-05-27 08:59:39.9",1598,0,0,0,0,0,0
"2023-05-27 08:59:39.95",1599,0,0,0,0,0,0
"2023-05-27 08:59:40",1600,0,0,0,0,0,0
"2023-05-27 08:59:40.05",1601,0,0,0,0,0,0
"2023-05-27 08:59:40.1",1602,0,0,0,0,0,0
"2023-05-27 08:59:40.15",1603,0,0,0,0,0,0
"2023-05-27 08:59:40.2",1604,0,0,0,0,0,0
"2023-05-27 08:59:40.25",1605,0,0,0,0,0,0
"2023-05-27 08:59:40.3",1606,0,0,0,0,0,0
"2023-05-27 08:59:40.35",1607,0,0,0,0,0,0
"2023-05-27 08:59:40.4",1608,0,0,0,0,0,0
"2023-05-27 08:59:40.45",1609,0,0,0,0,0,0
"2023-05-27 08:59:40.5",1610,0,0,0,0,0,0
"2023-05-27 08:59:40.55",1611,0,0,0,0,0,0
"2023-05-27 08:59:40.6",1612,0,0,0,0,0,0
"2023-05-27 08:59:40.65",1613,0,0,0,0,0,0
"2023-05-27 08:59:40.7",1614,0,0,0,0,0,0
"2023-05-27 08:59:40.75",1615,0,0,0,0,0,0
"2023-05-27 08:59:40.8",1616,0,0,0,0,0,0
"2023-05-27 08:59:40.85",1617,0,0,0,0,0,0
"2023-05-27 08:59:40.9",1618,0,0,0,0,0,0
"2023-05-27 08:59:40.95",1619,0,0,0,0,0,0
"2023-05-27 08:59:41",1620,0,0,0,0,0,0
"2023-05-27 08:59:41.05",1621,0,0,0,0,0,0
"2023-05-27 08:59:41.1",1622,0,0,0,0,0,0
"2023-05-27 08:59:41.15",1623,0,0,0,0,0,0
"2023-05-27 08:59:41.2",1624,0,0,0,0,0,0
"2023-05-27 08:59:41.25",1625,0,0,0,0,0,0
"2023-05-27 08:59:41.3",1626,0,0,0,0,0,0
"2023-05-27 08:59:41.35",1627,0,0,0,0,0,0
"2023-05-27 08:59:41.4",1628,0,0,0,0,0,0
"2023-05-27 08:59:41.45",1629,0,0,0,0,0,0
"2023-05-27 08:59:41.5",1630,0,0,0,0,0,0
"2023-05-27 08:59:41.55",1631,0,0,0,0,0,0
"2023-05-27 08:59:41.6",1632,0,0,0,0,0,0
"2023-05-27 08:59:41.65",1633,0,0,0,0,0,0
"2023-05-27 08:59:41.7",1634,0,0,0,0,0,0
"2023-05-27 08:59:41.75",1635,0,0,0,0,0,0
"2023-05-27 08:59:41.8",1636,0,0,0,0,0,0
"2023-05-27 08:59:41.85",1637,0,0,0,0,0,0
"2023-05-27 08:59:41.9",1638,0,0,0,0,0,0
"2023-05-27 08:59:41.95",1639,0,0,0,0,0,0
"2023-05-27 08:59:42",1640,0,0,0,0,0,0
"2023-05-27 08:59:42.05",1641,0,0,0,0,0,0
"2023-05-27 08:59:42.1",1642,0,0,0,0,0,0
"2023-05-27 08:59:42.15",1643,0,0,0,0,0,0
"2023-05-27 08:59:42.2",1644,0,0,0,0,0,0
"2023-05-27 08:59:42.25",1645,0,0,0,0,0,0
"2023-05-27 08:59:42.3",1646,0,0,0,0,0,0
"2023-05-27 08:59:42.35",1647,0,0,0,0,0,0
"2023-05-27 08:59:42.4",1648,0,0,0,0,0,0
"2023-05-27 08:59:42.45",1649,0,0,0,0,0,0
"2023-05-27 08:59:42.5",1650,0,0,0,0,0,0
"2023-05-27 08:59:42.55",1651,0,0,0,0,0,0
"2023-05-27 08:59:42.6",1652,0,0,0,0,0,0
"2023-05-27 08:59:42.65",1653,0,0,0,0,0,0
"2023-05-27 08:59:42.7",1654,0,0,0,0,0,0
"2023-05-27 08:59:42.75",1655,0,0,0,0,0,0
"2023-05-27 08:59:42.8",1656,0,0,0,0,0,0
"2023-05-27 08:59:42.85",1657,0,0,0,0,0,0
"2023-05-27 08:59:42.9",1658,0,0,0,0,0,0
"2023-05-27 08:59:42.95",1659,0,0,0,0,0,0
"2023-05-27 08:59:43",1660,0,0,0,0,0,0
"2023-05-27 08:59:43.05",1661,0,0,0,0,0,0
"2023-05-27 08:59:43.1",1662,0,0,0,0,0,0
"2023-05-27 08:59:43.15",1663,0,0,0,0,0,0
"2023-05-27 08:59:43.2",1664,0,0,0,0,0,0
"2023-05-27 08:59:43.25",1665,0,0,0,0,0,0
"2023-05-27 08:59:43.3",1666,0,0,0,0,0,0
"2023-05-27 08:59:43.35",1667,0,0,0,0,0,0
"2023-05-27 08:59:43.4",1668,0,0,0,0,0,0
"2023-05-27 08:59:43.45",1669,0,0,0,0,0,0
"2023-05-27 08:59:43.5",1670,0,0,0,0,0,0
"2023-05-27 08:59:43.55",1671,0,0,0,0,0,0
"2023-05-27 08:59:43.6",1672,0,0,0,0,0,0
"2023-05-27 08:59:43.65",1673,0,0,0,0,0,0
"2023-05-27 08:59:43.7",1674,0,0,0,0,0,0
"2023-05-27 08:59:43.75",1675,0,0,0,0,0,0
"2023-05-27 08:59:43.8",1676,0,0,0,0,0,0
"2023-05-27 08:59:43.85",1677,0,0,0,0,0,0
"2023-05-27 08:59:43.9",1678,0,0,0,0,0,0
"2023-05-27 08:59:43.95",1679,0,0,0,0,0,0
"2023-05-27 08:59:44",1680,0,0,0,0,0,0
"2023-05-27 08:59:44.05",1681,0,0,0,0,0,0
"2023-05-27 08:59:44.1",1682,0,0,0,0,0,0
"2023-05-27 08:59:44.15",1683,0,0,0,0,0,0
"2023-05-27 08:59:44.2",1684,0,0,0,0,0,0
"2023-05-27 08:59:44.25",1685,0,0,0,0,0,0
"2023-05-27 08:59:44.3",1686,0,0,0,0,0,0
"2023-05-27 08:59:44.35",1687,0,0,0,0,0,0
"2023-05-27 08:59:44.4",1688,0,0,0,0,0,0
"2023-05-27 08:59:44.45",1689,0,0,0,0,0,0
"2023-05-27 08:59:44.5",1690,0,0,0,0,0,0
"2023-05-27 08:59:44.55",1691,0,0,0,0,0,0
"2023-05-27 08:59:44.6",1692,0,0,0,0,0,0
"2023-05-27 08:59:44.65",1693,0,0,0,0,0,0
"2023-05-27 08:59:44.7",1694,0,0,0,0,0,0
"2023-05-27 08:59:44.75",1695,0,0,0,0,0,0
"2023-05-27 08:59:44.8",1696,0,0,0,0,0,0
"2023-05-27 08:59:44.85",1697,0,0,0,0,0,0
"2023-05-27 08:59:44.9",1698,0,0,0,0,0,0
"2023-05-27 08:59:44.95",1699,0,0,0,0,0,0
"2023-05-27 08:59:45",1700,0,0,0,0,0,0
"2023-05-27 08:59:45.05",1701,0,0,0,0,0,0
"2023-05-27 08:59:45.1",1702,0,0,0,0,0,0
"2023-05-27 08:59:45.15",1703,0,0,0,0,0,0
"2023-05-27 08:59:45.2",1704,0,0,0,0,0,0
"2023-05-27 08:59:45.25",1705,0,0,0,0,0,0
"2023-05-27 08:59:45.3",1706,0,0,0,0,0,0
"2023-05-27 08:59:45.35",1707,0,0,0,0,0,0
"2023-05-27 08:59:45.4",1708,0,0,0,0,0,0
"2023-05-27 08:59:45.45",1709,0,0,0,0,0,0
"2023-05-27 08:59:45.5",1710,0,0,0,0,0,0
"2023-05-27 08:59:45.55",1711,0,0,0,0,0,0
"2023-05-27 08:59:45.6",1712,0,0,0,0,0,0
"2023-05-27 08:59:45.65",1713,0,0,0,0,0,0
"2023-05-27 08:59:45.7",1714,0,0,0,0,0,0
"2023-05-27 08:59:45.75",1715,0,0,0,0,0,0
"2023-05-27 08:59:45.8",1716,0,0,0,0,0,0
"2023-05-27 08:59:45.85",1717,0,0,0,0,0,0
"2023-05-27 08:59:45.9",1718,0,0,0,0,0,0
"2023-05-27 08:59:45.95",1719,0,0,0,0,0,0
"2023-05-27 08:59:46",1720,0,0,0,0,0,0
"2023-05-27 08:59:46.05",1721,0,0,0,0,0,0
"2023-05-27 08:59:46.1",1722,0,0,0,0,0,0
"2023-05-27 08:59:46.15",1723,0,0,0,0,0,0
"2023-05-27 08:59:46.2",1724,0,0,0,0,0,0
"2023-05-27 08:59:46.25",1725,0,0,0,0,0,0
"2023-05-27 08:59:46.3",1726,0,0,0,0,0,0
"2023-05-27 08:59:46.35",1727,0,0,0,0,0,0
"2023-05-27 08:59:46.4",1728,0,0,0,0,0,0
"2023-05-27 08:59:46.45",1729,0,0,0,0,0,0
"2023-05-27 08:59:46.5",1730,0,0,0,0,0,0
"2023-05-27 08:59:46.55",1731,0,0,0,0,0,0
"2023-05-27 08:59:46.6",1732,0,0,0,0,0,0
"2023-05-27 08:59:46.65",1733,0,0,0,0,0,0
"2023-05-27 08:59:46.7",1734,0,0,0,0,0,0
"2023-05-27 08:59:46.75",1735,0,0,0,0,0,0
"2023-05-27 08:59:46.8",1736,0,0,0,0,0,0
"2023-05-27 08:59:46.85",1737,0,0,0,0,0,0
"2023-05-27 08:59:46.9",1738,0,0,0,0,0,0
"2023-05-27 08:59:46.95",1739,0,0,0,0,0,0
"2023-05-27 08:59:47",1740,0,0,0,0,0,0
"2023-05-27 08:59:47.05",1741,0,0,0,0,0,0
"2023-05-27 08:59:47.1",1742,0,0,0,0,0,0
"2023-05-27 08:59:47.15",1743,0,0,0,0,0,0
"2023-05-27 08:59:47.2",1744,0,0,0,0,0,0
"2023-05-27 08:59:47.25",1745,0,0,0,0,0,0
"2023-05-27 08:59:47.3",1746,0,0,0,0,0,0
"2023-05-27 08:59:47.35",1747,0,0,0,0,0,0
"2023-05-27 08:59:47.4",1748,0,0,0,0,0,0
"2023-05-27 08:59:47.45",1749,0,0,0,0,0,0
"2023-05-27 08:59:47.5",1750,0,0,0,0,0,0
"2023-05-27 08:59:47.55",1751,0,0,0,0,0,0
"2023-05-27 08:59:47.6",1752,0,0,0,0,0,0
"2023-05-27 08:59:47.65",1753,0,0,0,0,0,0
"2023-05-27 08:59:47.7",1754,0,0,0,0,0,0
"2023-05-27 08:59:47.75",1755,0,0,0,0,0,0
"2023-05-27 08:59:47.8",1756,0,0,0,0,0,0
"2023-05-27 08:59:47.85",1757,0,0,0,0,0,0
"2023-05-27 08:59:47.9",1758,0,0,0,0,0,0
"2023-05-27 08:59:47.95",1759,0,0,0,0,0,0
"2023-05-27 08:59:48",1760,0,0,0,0,0,0
"2023-05-27 08:59:48.05",1761,0,0,0,0,0,0
"2023-05-27 08:59:48.1",1762,0,0,0,0,0,0
"2023-05-27 08:59:48.15",1763,0,0,0,0,0,0
"2023-05-27 08:59:48.2",1764,0,0,0,0,0,0
"2023-05-27 08:59:48.25",1765,0,0,0,0,0,0
"2023-05-27 08:59:48.3",1766,0,0,0,0,0,0
"2023-05-27 08:59:48.35",1767,0,0,0,0,0,0
"2023-05-27 08:59:48.4",1768,0,0,0,0,0,0
"2023-05-27 08:59:48.45",1769,0,0,0,0,0,0
"2023-05-27 08:59:48.5",1770,0,0,0,0,0,0
"2023-05-27 08:59:48.55",1771,0,0,0,0,0,0
"2023-05-27 08:59:48.6",1772,0,0,0,0,0,0
"2023-05-27 08:59:48.65",1773,0,0,0,0,0,0
"2023-05-27 08:59:48.7",1774,0,0,0,0,0,0
"2023-05-27 08:59:48.75",1775,0,0,0,0,0,0
"2023-05-27 08:59:48.8",1776,0,0,0,0,0,0
"2023-05-27 08:59:48.85",1777,0,0,0,0,0,0
"2023-05-27 08:59:48.9",1778,0,0,0,0,0,0
"2023-05-27 08:59:48.95",1779,0,0,0,0,0,0
"2023-05-27 08:59:49",1780,0,0,0,0,0,0
"2023-05-27 08:59:49.05",1781,0,0,0,0,0,0
"2023-05-27 08:59:49.1",1782,0,0,0,0,0,0
"2023-05-27 08:59:49.15",1783,0,0,0,0,0,0
"2023-05-27 08:59:49.2",1784,0,0,0,0,0,0
"2023-05-27 08:59:49.25",1785,0,0,0,0,0,0
"2023-05-27 08:59:49.3",1786,0,0,0,0,0,0
"2023-05-27 08:59:49.35",1787,0,0,0,0,0,0
"2023-05-27 08:59:49.4",1788,0,0,0,0,0,0
"2023-05-27 08:59:49.45",1789,0,0,0,0,0,0
"2023-05-27 08:59:49.5",1790,0,0,0,0,0,0
"2023-05-27 08:59:49.55",1791,0,0,0,0,0,0
"2023-05-27 08:59:49.6",1792,0,0,0,0,0,0
"2023-05-27 08:59:49.65",1793,0,0,0,0,0,0
"2023-05-27 08:59:49.7",1794,0,0,0,0,0,0
"2023-05-27 08:59:49.75",1795,0,0,0,0,0,0
"2023-05-27 08:59:49.8",1796,0,0,0,0,0,0
"2023-05-27 08:59:49.85",1797,0,0,0,0,0,0
"2023-05-27 08:59:49.9",1798,0,0,0,0,0,0
"2023-05-27 08:59:49.95",1799,0,0,0,0,0,0
"2023-05-27 08:59:50",1800,0,0,0,0,0,0
"2023-05-27 08:59:50.05",1801,0,0,0,0,0,0
"2023-05-27 08:59:50.1",1802,0,0,0,0,0,0
"2023-05-27 08:59:50.15",1803,0,0,0,0,0,0
"2023-05-27 08:59:50.2",1804,0,0,0,0,0,0
"2023-05-27 08:59:50.25",1805,0,0,0,0,0,0
"2023-05-27 08:59:50.3",1806,0,0,0,0,0,0
"2023-05-27 08:59:50.35",1807,0,0,0,0,0,0
"2023-05-27 08:59:50.4",1808,0,0,0,0,0,0
"2023-05-27 08:59:50.45",1809,0,0,0,0,0,0
"2023-05-27 08:59:50.5",1810,0,0,0,0,0,0
"2023-05-27 08:59:50.55",1811,0,0,0,0,0,0
"2023-05-27 08:59:50.6",1812,0,0,0,0,0,0
"2023-05-27 08:59:50.65",1813,0,0,0,0,0,0
"2023-05-27 08:59:50.7",1814,0,0,0,0,0,0
"2023-05-27 08:59:50.75",1815,0,0,0,0,0,0
"2023-05-27 08:59:50.8",1816,0,0,0,0,0,0
"2023-05-27 08:59:50.85",1817,0,0,0,0,0,0
"2023-05-27 08:59:50.9",1818,0,0,0,0,0,0
"2023-05-27 08:59:50.95",1819,0,0,0,0,0,0
"2023-05-27 08:59:51",1820,0,0,0,0,0,0
"2023-05-27 08:59:51.05",1821,0,0,0,0,0,0
"2023-05-27 08:59:51.1",1822,0,0,0,0,0,0
"2023-05-27 08:59:51.15",1823,0,0,0,0,0,0
"2023-05-27 08:59:51.2",1824,0,0,0,0,0,0
"2023-05-27 08:59:51.25",1825,0,0,0,0,0,0
"2023-05-27 08:59:51.3",1826,0,0,0,0,0,0
"2023-05-27 08:59:51.35",1827,0,0,0,0,0,0
"2023-05-27 08:59:51.4",1828,0,0,0,0,0,0
"2023-05-27 08:59:51.45",1829,0,0,0,0,0,0
"2023-05-27 08:59:51.5",1830,0,0,0,0,0,0
"2023-05-27 08:59:51.55",1831,0,0,0,0,0,0
"2023-05-27 08:59:51.6",1832,0,0,0,0,0,0
"2023-05-27 08:59:51.65",1833,0,0,0,0,0,0
"2023-05-27 08:59:51.7",1834,0,0,0,0,0,0
"2023-05-27 08:59:51.75",1835,0,0,0,0,0,0
"2023-05-27 08:59:51.8",1836,0,0,0,0,0,0
"2023-05-27 08:59:51.85",1837,0,0,0,0,0,0
"2023-05-27 08:59:51.9",1838,0,0,0,0,0,0
"2023-05-27 08:59:51.95",1839,0,0,0,0,0,0
"2023-05-27 08:59:52",1840,0,0,0,0,0,0
"2023-05-27 08:59:52.05",1841,0,0,0,0,0,0
"2023-05-27 08:59:52.1",1842,0,0,0,0,0,0
"2023-05-27 08:59:52.15",1843,0,0,0,0,0,0
"2023-05-27 08:59:52.2",1844,0,0,0,0,0,0
"2023-05-27 08:59:52.25",1845,0,0,0,0,0,0
"2023-05-27 08:59:52.3",1846,0,0,0,0,0,0
"2023-05-27 08:59:52.35",1847,0,0,0,0,0,0
"2023-05-27 08:59:52.4",1848,0,0,0,0,0,0
"2023-05-27 08:59:52.45",1849,0,0,0,0,0,0
"2023-05-27 08:59:52.5",1850,0,0,0,0,0,0
"2023-05-27 08:59:52.55",1851,0,0,0,0,0,0
"2023-05-27 08:59:52.6",1852,0,0,0,0,0,0
"2023-05-27 08:59:52.65",1853,0,0,0,0,0,0
"2023-05-27 08:59:52.7",1854,0,0,0,0,0,0
"2023-05-27 08:59:52.75",1855,0,0,0,0,0,0
"2023-05-27 08:59:52.8",1856,0,0,0,0,0,0
"2023-05-27 08:59:52.85",1857,0,0,0,0,0,0
"2023-05-27 08:59:52.9",1858,0,0,0,0,0,0
"2023-05-27 08:59:52.95",1859,0,0,0,0,0,0
"2023-05-27 08:59:53",1860,0,0,0,0,0,0
"2023-05-27 08:59:53.05",1861,0,0,0,0,0,0
"2023-05-27 08:59:53.1",1862,0,0,0,0,0,0
"2023-05-27 08:59:53.15",1863,0,0,0,0,0,0
"2023-05-27 08:59:53.2",1864,0,0,0,0,0,0
"2023-05-27 08:59:53.25",1865,0,0,0,0,0,0
"2023-05-27 08:59:53.3",1866,0,0,0,0,0,0
"2023-05-27 08:59:53.35",1867,0,0,0,0,0,0
"2023-05-27 08:59:53.4",1868,0,0,0,0,0,0
"2023-05-27 08:59:53.45",1869,0,0,0,0,0,0
"2023-05-27 08:59:53.5",1870,0,0,0,0,0,0
"2023-05-27 08:59:53.55",1871,0,0,0,0,0,0
"2023-05-27 08:59:53.6",1872,0,0,0,0,0,0
"2023-05-27 08:59:53.65",1873,0,0,0,0,0,0
"2023-05-27 08:59:53.7",1874,0,0,0,0,0,0
"2023-05-27 08:59:53.75",1875,0,0,0,0,0,0
"2023-05-27 08:59:53.8",1876,0,0,0,0,0,0
"2023-05-27 08:59:53.85",1877,0,0,0,0,0,0
"2023-05-27 08:59:53.9",1878,0,0,0,0,0,0
"2023-05-27 08:59:53.95",1879,0,0,0,0,0,0
"2023-05-27 08:59:54",1880,0,0,0,0,0,0
"2023-05-27 08:59:54.05",1881,0,0,0,0,0,0
"2023-05-27 08:59:54.1",1882,0,0,0,0,0,0
"2023-05-27 08:59:54.15",1883,0,0,0,0,0,0
"2023-05-27 08:59:54.2",1884,0,0,0,0,0,0
"2023-05-27 08:59:54.25",1885,0,0,0,0,0,0
"2023-05-27 08:59:54.3",1886,0,0,0,0,0,0
"2023-05-27 08:59:54.35",1887,0,0,0,0,0,0
"2023-05-27 08:59:54.4",1888,0,0,0,0,0,0
"2023-05-27 08:59:54.45",1889,0,0,0,0,0,0
"2023-05-27 08:59:54.5",1890,0,0,0,0,0,0
"2023-05-27 08:59:54.55",1891,0,0,0,0,0,0
"2023-05-27 08:59:54.6",1892,0,0,0,0,0,0
"2023-05-27 08:59:54.65",1893,0,0,0,0,0,0
"2023-05-27 08:59:54.7",1894,0,0,0,0,0,0
"2023-05-27 08:59:54.75",1895,0,0,0,0,0,0
"2023-05-27 08:59:54.8",1896,0,0,0,0,0,0
"2023-05-27 08:59:54.85",1897,0,0,0,0,0,0
"2023-05-27 08:59:54.9",1898,0,0,0,0,0,0
"2023-05-27 08:59:54.95",1899,0,0,0,0,0,0
"2023-05-27 08:59:55",1900,0,0,0,0,0,0
"2023-05-27 08:59:55.05",1901,0,0,0,0,0,0
"2023-05-27 08:59:55.1",1902,0,0,0,0,0,0
"2023-05-27 08:59:55.15",1903,0,0,0,0,0,0
"2023-05-27 08:59:55.2",1904,0,0,0,0,0,0
"2023-05-27 08:59:55.25",1905,0,0,0,0,0,0
"2023-05-27 08:59:55.3",1906,0,0,0,0,0,0
"2023-05-27 08:59:55.35",1907,0,0,0,0,0,0
"2023-05-27 08:59:55.4",1908,0,0,0,0,0,0
"2023-05-27 08:59:55.45",1909,0,0,0,0,0,0
"2023-05-27 08:59:55.5",1910,0,0,0,0,0,0
"2023-05-27 08:59:55.55",1911,0,0,0,0,0,0
"2023-05-27 08:59:55.6",1912,0,0,0,0,0,0
"2023-05-27 08:59:55.65",1913,0,0,0,0,0,0
"2023-05-27 08:59:55.7",1914,0,0,0,0,0,0
"2023-05-27 08:59:55.75",1915,0,0,0,0,0,0
"2023-05-27 08:59:55.8",1916,0,0,0,0,0,0
"2023-05-27 08:59:55.85",1917,0,0,0,0,0,0
"2023-05-27 08:59:55.9",1918,0,0,0,0,0,0
"2023-05-27 08:59:55.95",1919,0,0,0,0,0,0
"2023-05-27 08:59:56",1920,0,0,0,0,0,0
"2023-05-27 08:59:56.05",1921,0,0,0,0,0,0
"2023-05-27 08:59:56.1",1922,0,0,0,0,0,0
"2023-05-27 08:59:56.15",1923,0,0,0,0,0,0
"2023-05-27 08:59:56.2",1924,0,0,0,0,0,0
"2023-05-27 08:59:56.25",1925,0,0,0,0,0,0
"2023-05-27 08:59:56.3",1926,0,0,0,0,0,0
"2023-05-27 08:59:56.35",1927,0,0,0,0,0,0
"2023-05-27 08:59:56.4",1928,0,0,0,0,0,0
"2023-05-27 08:59:56.45",1929,0,0,0,0,0,0
"2023-05-27 08:59:56.5",1930,0,0,0,0,0,0
"2023-05-27 08:59:56.55",1931,0,0,0,0,0,0
"2023-05-27 08:59:56.6",1932,0,0,0,0,0,0
"2023-05-27 08:59:56.65",1933,0,0,0,0,0,0
"2023-05-27 08:59:56.7",1934,0,0,0,0,0,0
"2023-05-27 08:59:56.75",1935,0,0,0,0,0,0
"2023-05-27 08:59:56.8",1936,0,0,0,0,0,0
"2023-05-27 08:59:56.85",1937,0,0,0,0,0,0
"2023-05-27 08:59:56.9",1938,0,0,0,0,0,0
"2023-05-27 08:59:56.95",1939,0,0,0,0,0,0
"2023-05-27 08:59:57",1940,0,0,0,0,0,0
"2023-05-27 08:59:57.05",1941,0,0,0,0,0,0
"2023-05-27 08:59:57.1",1942,0,0,0,0,0,0
"2023-05-27 08:59:57.15",1943,0,0,0,0,0,0
"2023-05-27 08:59:57.2",1944,0,0,0,0,0,0
"2023-05-27 08:59:57.25",1945,0,0,0,0,0,0
"2023-05-27 08:59:57.3",1946,0,0,0,0,0,0
"2023-05-27 08:59:57.35",1947,0,0,0,0,0,0
"2023-05-27 08:59:57.4",1948,0,0,0,0,0,0
"2023-05-27 08:59:57.45",1949,0,0,0,0,0,0
"2023-05-27 08:59:57.5",1950,0,0,0,0,0,0
"2023-05-27 08:59:57.55",1951,0,0,0,0,0,0
"2023-05-27 08:59:57.6",1952,0,0,0,0,0,0
"2023-05-27 08:59:57.65",1953,0,0,0,0,0,0
"2023-05-27 08:59:57.7",1954,0,0,0,0,0,0
"2023-05-27 08:59:57.75",1955,0,0,0,0,0,0
"2023-05-27 08:59:57.8",1956,0,0,0,0,0,0
"2023-05-27 08:59:57.85",1957,0,0,0,0,0,0
"2023-05-27 08:59:57.9",1958,0,0,0,0,0,0
"2023-05-27 08:59:57.95",1959,0,0,0,0,0,0
"2023-05-27 08:59:58",1960,0,0,0,0,0,0
"2023-05-27 08:59:58.05",1961,0,0,0,0,0,0
"2023-05-27 08:59:58.1",1962,0,0,0,0,0,0
"2023-05-27 08:59:58.15",1963,0,0,0,0,0,0
"2023-05-27 08:59:58.2",1964,0,0,0,0,0,0
"2023-05-27 08:59:58.25",1965,0,0,0,0,0,0
"2023-05-27 08:59:58.3",1966,0,0,0,0,0,0
"2023-05-27 08:59:58.35",1967,0,0,0,0,0,0
"2023-05-27 08:59:58.4",1968,0,0,0,0,0,0
"2023-05-27 08:59:58.45",1969,0,0,0,0,0,0
"2023-05-27 08:59:58.5",1970,0,0,0,0,0,0
"2023-05-27 08:59:58.55",1971,0,0,0,0,0,0
"2023-05-27 08:59:58.6",1972,0,0,0,0,0,0
"2023-05-27 08:59:58.65",1973,0,0,0,0,0,0
"2023-05-27 08:59:58.7",1974,0,0,0,0,0,0
"2023-05-27 08:59:58.75",1975,0,0,0,0,0,0
"2023-05-27 08:59:58.8",1976,0,0,0,0,0,0
"2023-05-27 08:59:58.85",1977,0,0,0,0,0,0
"2023-05-27 08:59:58.9",1978,0,0,0,0,0,0
"2023-05-27 08:59:58.95",1979,0,0,0,0,0,0
"2023-05-27 08:59:59",1980,0,0,0,0,0,0
"2023-05-27 08:59:59.05",1981,0,0,0,0,0,0
"2023-05-27 08:59:59.1",1982,0,0,0,0,0,0
"2023-05-27 08:59:59.15",1983,0,0,0,0,0,0
"2023-05-27 08:59:59.2",1984,0,0,0,0,0,0
"2023-05-27 08:59:59.25",1985,0,0,0,0,0,0
"2023-05-27 08:59:59.3",1986,0,0,0,0,0,0
"2023-05-27 08:59:59.35",1987,0,0,0,0,0,0
"2023-05-27 08:59:59.4",1988,0,0,0,0,0,0
"2023-05-27 08:59:59.45",1989,0,0,0,0,0,0
"2023-05-27 08:59:59.5",1990,0,0,0,0,0,0
"2023-05-27 08:59:59.55",1991,0,0,0,0,0,0
"2023-05-27 08:59:59.6",1992,0,0,0,0,0,0
"2023-05-27 08:59:59.65",1993,0,0,0,0,0,0
"2023-05-27 08:59:59.7",1994,0,0,0,0,0,0
"2023-05-27 08:59:59.75",1995,0,0,0,0,0,0
"2023-05-27 08:59:59.8",1996,0,0,0,0,0,0
"2023-05-27 08:59:59.85",1997,0,0,0,0,0,0
"2023-05-27 08:59:59.9",1998,0,0,0,0,0,0
"2023-05-27 08:59:59.95",1999,0,0,0,0,0,0
"2023-05-27 09:00:00",2000,0,0,0,0,0,0
