"TOA5","11167","CR1000X","11167","CR1000X.Std.06.02","CPU:2021.11.9 FINAL v3.cr1x","51671","WSTable"
"TIMESTAMP","RECORD","fWSV1","fWSV2","fWSV3","fWSC","iWSDiag","iWSValue"
"TS","RN","m/s","m/s","m/s","DegC","",""
"","","Smp","Smp","Smp","Smp","Smp","Smp"
"2023-05-26 15:01:34.25",0,0,0,0,0,0,0
"2023-05-26 15:01:34.3",1,0,0,0,0,0,0
"2023-05-26 15:01:34.35",2,0,0,0,0,0,0
"2023-05-26 15:01:34.4",3,0,0,0,0,0,0
"2023-05-26 15:01:34.45",4,0,0,0,0,0,0
"2023-05-26 15:01:34.5",5,0,0,0,0,0,0
"2023-05-26 15:01:34.55",6,0,0,0,0,0,0
"2023-05-26 15:01:34.6",7,0,0,0,0,0,0
"2023-05-26 15:01:34.65",8,0,0,0,0,0,0
"2023-05-26 15:01:34.7",9,0,0,0,0,0,0
"2023-05-26 15:01:34.75",10,0,0,0,0,0,0
"2023-05-26 15:01:34.8",11,0,0,0,0,0,0
"2023-05-26 15:01:34.85",12,0,0,0,0,0,0
"2023-05-26 15:01:34.9",13,0,0,0,0,0,0
"2023-05-26 15:01:34.95",14,0,0,0,0,0,0
"2023-05-26 15:01:35",15,0,0,0,0,0,0
"2023-05-26 15:01:35.05",16,0,0,0,0,0,0
"2023-05-26 15:01:35.1",17,0,0,0,0,0,0
"2023-05-26 15:01:35.15",18,0,0,0,0,0,0
"2023-05-26 15:01:35.2",19,0,0,0,0,0,0
"2023-05-26 15:01:35.25",20,0,0,0,0,0,0
"2023-05-26 15:01:35.3",21,0,0,0,0,0,0
"2023-05-26 15:01:35.35",22,0,0,0,0,0,0
"2023-05-26 15:01:35.4",23,0,0,0,0,0,0
"2023-05-26 15:01:35.45",24,0,0,0,0,0,0
"2023-05-26 15:01:35.5",25,0,0,0,0,0,0
"2023-05-26 15:01:35.55",26,0,0,0,0,0,0
"2023-05-26 15:01:35.6",27,0,0,0,0,0,0
"2023-05-26 15:01:35.65",28,0,0,0,0,0,0
"2023-05-26 15:01:35.7",29,0,0,0,0,0,0
"2023-05-26 15:01:35.75",30,0,0,0,0,0,0
"2023-05-26 15:01:35.8",31,0,0,0,0,0,0
"2023-05-26 15:01:35.85",32,0,0,0,0,0,0
"2023-05-26 15:01:35.9",33,0,0,0,0,0,0
"2023-05-26 15:01:35.95",34,0,0,0,0,0,0
"2023-05-26 15:01:36",35,0,0,0,0,0,0
"2023-05-26 15:01:36.05",36,0,0,0,0,0,0
"2023-05-26 15:01:36.1",37,0,0,0,0,0,0
"2023-05-26 15:01:36.15",38,0,0,0,0,0,0
"2023-05-26 15:01:36.2",39,0,0,0,0,0,0
"2023-05-26 15:01:36.25",40,0,0,0,0,0,0
"2023-05-26 15:01:36.3",41,0,0,0,0,0,0
"2023-05-26 15:01:36.35",42,0,0,0,0,0,0
"2023-05-26 15:01:36.4",43,0,0,0,0,0,0
"2023-05-26 15:01:36.45",44,0,0,0,0,0,0
"2023-05-26 15:01:36.5",45,0,0,0,0,0,0
"2023-05-26 15:01:36.55",46,0,0,0,0,0,0
"2023-05-26 15:01:36.6",47,0,0,0,0,0,0
"2023-05-26 15:01:36.65",48,0,0,0,0,0,0
"2023-05-26 15:01:36.7",49,0,0,0,0,0,0
"2023-05-26 15:01:36.75",50,0,0,0,0,0,0
"2023-05-26 15:01:36.8",51,0,0,0,0,0,0
"2023-05-26 15:01:36.85",52,0,0,0,0,0,0
"2023-05-26 15:01:36.9",53,0,0,0,0,0,0
"2023-05-26 15:01:36.95",54,0,0,0,0,0,0
"2023-05-26 15:01:37",55,0,0,0,0,0,0
"2023-05-26 15:01:37.05",56,0,0,0,0,0,0
"2023-05-26 15:01:37.1",57,0,0,0,0,0,0
"2023-05-26 15:01:37.15",58,0,0,0,0,0,0
"2023-05-26 15:01:37.2",59,0,0,0,0,0,0
"2023-05-26 15:01:37.25",60,0,0,0,0,0,0
"2023-05-26 15:01:37.3",61,0,0,0,0,0,0
"2023-05-26 15:01:37.35",62,0,0,0,0,0,0
"2023-05-26 15:01:37.4",63,0,0,0,0,0,0
"2023-05-26 15:01:37.45",64,0,0,0,0,0,0
"2023-05-26 15:01:37.5",65,0,0,0,0,0,0
"2023-05-26 15:01:37.55",66,0,0,0,0,0,0
"2023-05-26 15:01:37.6",67,0,0,0,0,0,0
"2023-05-26 15:01:37.65",68,0,0,0,0,0,0
"2023-05-26 15:01:37.7",69,0,0,0,0,0,0
"2023-05-26 15:01:37.75",70,0,0,0,0,0,0
"2023-05-26 15:01:37.8",71,0,0,0,0,0,0
"2023-05-26 15:01:37.85",72,0,0,0,0,0,0
"2023-05-26 15:01:37.9",73,0,0,0,0,0,0
"2023-05-26 15:01:37.95",74,0,0,0,0,0,0
"2023-05-26 15:01:38",75,0,0,0,0,0,0
"2023-05-26 15:01:38.05",76,0,0,0,0,0,0
"2023-05-26 15:01:38.1",77,0,0,0,0,0,0
"2023-05-26 15:01:38.15",78,0,0,0,0,0,0
"2023-05-26 15:01:38.2",79,0,0,0,0,0,0
"2023-05-26 15:01:38.25",80,0,0,0,0,0,0
"2023-05-26 15:01:38.3",81,0,0,0,0,0,0
"2023-05-26 15:01:38.35",82,0,0,0,0,0,0
"2023-05-26 15:01:38.4",83,0,0,0,0,0,0
"2023-05-26 15:01:38.45",84,0,0,0,0,0,0
"2023-05-26 15:01:38.5",85,0,0,0,0,0,0
"2023-05-26 15:01:38.55",86,0,0,0,0,0,0
"2023-05-26 15:01:38.6",87,0,0,0,0,0,0
"2023-05-26 15:01:38.65",88,0,0,0,0,0,0
"2023-05-26 15:01:38.7",89,0,0,0,0,0,0
"2023-05-26 15:01:38.75",90,0,0,0,0,0,0
"2023-05-26 15:01:38.8",91,0,0,0,0,0,0
"2023-05-26 15:01:38.85",92,0,0,0,0,0,0
"2023-05-26 15:01:38.9",93,0,0,0,0,0,0
"2023-05-26 15:01:38.95",94,0,0,0,0,0,0
"2023-05-26 15:01:39",95,0,0,0,0,0,0
"2023-05-26 15:01:39.05",96,0,0,0,0,0,0
"2023-05-26 15:01:39.1",97,0,0,0,0,0,0
"2023-05-26 15:01:39.15",98,0,0,0,0,0,0
"2023-05-26 15:01:39.2",99,0,0,0,0,0,0
"2023-05-26 15:01:39.25",100,0,0,0,0,0,0
"2023-05-26 15:01:39.3",101,0,0,0,0,0,0
"2023-05-26 15:01:39.35",102,0,0,0,0,0,0
"2023-05-26 15:01:39.4",103,0,0,0,0,0,0
"2023-05-26 15:01:39.45",104,0,0,0,0,0,0
"2023-05-26 15:01:39.5",105,0,0,0,0,0,0
"2023-05-26 15:01:39.55",106,0,0,0,0,0,0
"2023-05-26 15:01:39.6",107,0,0,0,0,0,0
"2023-05-26 15:01:39.65",108,0,0,0,0,0,0
"2023-05-26 15:01:39.7",109,0,0,0,0,0,0
"2023-05-26 15:01:39.75",110,0,0,0,0,0,0
"2023-05-26 15:01:39.8",111,0,0,0,0,0,0
"2023-05-26 15:01:39.85",112,0,0,0,0,0,0
"2023-05-26 15:01:39.9",113,0,0,0,0,0,0
"2023-05-26 15:01:39.95",114,0,0,0,0,0,0
"2023-05-26 15:01:40",115,0,0,0,0,0,0
"2023-05-26 15:01:40.05",116,0,0,0,0,0,0
"2023-05-26 15:01:40.1",117,0,0,0,0,0,0
"2023-05-26 15:01:40.15",118,0,0,0,0,0,0
"2023-05-26 15:01:40.2",119,0,0,0,0,0,0
"2023-05-26 15:01:40.25",120,0,0,0,0,0,0
"2023-05-26 15:01:40.3",121,0,0,0,0,0,0
"2023-05-26 15:01:40.35",122,0,0,0,0,0,0
"2023-05-26 15:01:40.4",123,0,0,0,0,0,0
"2023-05-26 15:01:40.45",124,0,0,0,0,0,0
"2023-05-26 15:01:40.5",125,0,0,0,0,0,0
"2023-05-26 15:01:40.55",126,0,0,0,0,0,0
"2023-05-26 15:01:40.6",127,0,0,0,0,0,0
"2023-05-26 15:01:40.65",128,0,0,0,0,0,0
"2023-05-26 15:01:40.7",129,0,0,0,0,0,0
"2023-05-26 15:01:40.75",130,0,0,0,0,0,0
"2023-05-26 15:01:40.8",131,0,0,0,0,0,0
"2023-05-26 15:01:40.85",132,0,0,0,0,0,0
"2023-05-26 15:01:40.9",133,0,0,0,0,0,0
"2023-05-26 15:01:40.95",134,0,0,0,0,0,0
"2023-05-26 15:01:41",135,0,0,0,0,0,0
"2023-05-26 15:01:41.05",136,0,0,0,0,0,0
"2023-05-26 15:01:41.1",137,0,0,0,0,0,0
"2023-05-26 15:01:41.15",138,0,0,0,0,0,0
"2023-05-26 15:01:41.2",139,0,0,0,0,0,0
"2023-05-26 15:01:41.25",140,0,0,0,0,0,0
"2023-05-26 15:01:41.3",141,0,0,0,0,0,0
"2023-05-26 15:01:41.35",142,0,0,0,0,0,0
"2023-05-26 15:01:41.4",143,0,0,0,0,0,0
"2023-05-26 15:01:41.45",144,0,0,0,0,0,0
"2023-05-26 15:01:41.5",145,0,0,0,0,0,0
"2023-05-26 15:01:41.55",146,0,0,0,0,0,0
"2023-05-26 15:01:41.6",147,0,0,0,0,0,0
"2023-05-26 15:01:41.65",148,0,0,0,0,0,0
"2023-05-26 15:01:41.7",149,0,0,0,0,0,0
"2023-05-26 15:01:41.75",150,0,0,0,0,0,0
"2023-05-26 15:01:41.8",151,0,0,0,0,0,0
"2023-05-26 15:01:41.85",152,0,0,0,0,0,0
"2023-05-26 15:01:41.9",153,0,0,0,0,0,0
"2023-05-26 15:01:41.95",154,0,0,0,0,0,0
"2023-05-26 15:01:42",155,0,0,0,0,0,0
"2023-05-26 15:01:42.05",156,0,0,0,0,0,0
"2023-05-26 15:01:42.1",157,0,0,0,0,0,0
"2023-05-26 15:01:42.15",158,0,0,0,0,0,0
"2023-05-26 15:01:42.2",159,0,0,0,0,0,0
"2023-05-26 15:01:42.25",160,0,0,0,0,0,0
"2023-05-26 15:01:42.3",161,0,0,0,0,0,0
"2023-05-26 15:01:42.35",162,0,0,0,0,0,0
"2023-05-26 15:01:42.4",163,0,0,0,0,0,0
"2023-05-26 15:01:42.45",164,0,0,0,0,0,0
"2023-05-26 15:01:42.5",165,0,0,0,0,0,0
"2023-05-26 15:01:42.55",166,0,0,0,0,0,0
"2023-05-26 15:01:42.6",167,0,0,0,0,0,0
"2023-05-26 15:01:42.65",168,0,0,0,0,0,0
"2023-05-26 15:01:42.7",169,0,0,0,0,0,0
"2023-05-26 15:01:42.75",170,0,0,0,0,0,0
"2023-05-26 15:01:42.8",171,0,0,0,0,0,0
"2023-05-26 15:01:42.85",172,0,0,0,0,0,0
"2023-05-26 15:01:42.9",173,0,0,0,0,0,0
"2023-05-26 15:01:42.95",174,0,0,0,0,0,0
"2023-05-26 15:01:43",175,0,0,0,0,0,0
"2023-05-26 15:01:43.05",176,0,0,0,0,0,0
"2023-05-26 15:01:43.1",177,0,0,0,0,0,0
"2023-05-26 15:01:43.15",178,0,0,0,0,0,0
"2023-05-26 15:01:43.2",179,0,0,0,0,0,0
"2023-05-26 15:01:43.25",180,0,0,0,0,0,0
"2023-05-26 15:01:43.3",181,0,0,0,0,0,0
"2023-05-26 15:01:43.35",182,0,0,0,0,0,0
"2023-05-26 15:01:43.4",183,0,0,0,0,0,0
"2023-05-26 15:01:43.45",184,0,0,0,0,0,0
"2023-05-26 15:01:43.5",185,0,0,0,0,0,0
"2023-05-26 15:01:43.55",186,0,0,0,0,0,0
"2023-05-26 15:01:43.6",187,0,0,0,0,0,0
"2023-05-26 15:01:43.65",188,0,0,0,0,0,0
"2023-05-26 15:01:43.7",189,0,0,0,0,0,0
"2023-05-26 15:01:43.75",190,0,0,0,0,0,0
"2023-05-26 15:01:43.8",191,0,0,0,0,0,0
"2023-05-26 15:01:43.85",192,0,0,0,0,0,0
"2023-05-26 15:01:43.9",193,0,0,0,0,0,0
"2023-05-26 15:01:43.95",194,0,0,0,0,0,0
"2023-05-26 15:01:44",195,0,0,0,0,0,0
"2023-05-26 15:01:44.05",196,0,0,0,0,0,0
"2023-05-26 15:01:44.1",197,0,0,0,0,0,0
"2023-05-26 15:01:44.15",198,0,0,0,0,0,0
"2023-05-26 15:01:44.2",199,0,0,0,0,0,0
"2023-05-26 15:01:44.25",200,0,0,0,0,0,0
"2023-05-26 15:01:44.3",201,0,0,0,0,0,0
"2023-05-26 15:01:44.35",202,0,0,0,0,0,0
"2023-05-26 15:01:44.4",203,0,0,0,0,0,0
"2023-05-26 15:01:44.45",204,0,0,0,0,0,0
"2023-05-26 15:01:44.5",205,0,0,0,0,0,0
"2023-05-26 15:01:44.55",206,0,0,0,0,0,0
"2023-05-26 15:01:44.6",207,0,0,0,0,0,0
"2023-05-26 15:01:44.65",208,0,0,0,0,0,0
"2023-05-26 15:01:44.7",209,0,0,0,0,0,0
"2023-05-26 15:01:44.75",210,0,0,0,0,0,0
"2023-05-26 15:01:44.8",211,0,0,0,0,0,0
"2023-05-26 15:01:44.85",212,0,0,0,0,0,0
"2023-05-26 15:01:44.9",213,0,0,0,0,0,0
"2023-05-26 15:01:44.95",214,0,0,0,0,0,0
"2023-05-26 15:01:45",215,0,0,0,0,0,0
"2023-05-26 15:01:45.05",216,0,0,0,0,0,0
"2023-05-26 15:01:45.1",217,0,0,0,0,0,0
"2023-05-26 15:01:45.15",218,0,0,0,0,0,0
"2023-05-26 15:01:45.2",219,0,0,0,0,0,0
"2023-05-26 15:01:45.25",220,0,0,0,0,0,0
"2023-05-26 15:01:45.3",221,0,0,0,0,0,0
"2023-05-26 15:01:45.35",222,0,0,0,0,0,0
"2023-05-26 15:01:45.4",223,0,0,0,0,0,0
"2023-05-26 15:01:45.45",224,0,0,0,0,0,0
"2023-05-26 15:01:45.5",225,0,0,0,0,0,0
"2023-05-26 15:01:45.55",226,0,0,0,0,0,0
"2023-05-26 15:01:45.6",227,0,0,0,0,0,0
"2023-05-26 15:01:45.65",228,0,0,0,0,0,0
"2023-05-26 15:01:45.7",229,0,0,0,0,0,0
"2023-05-26 15:01:45.75",230,0,0,0,0,0,0
"2023-05-26 15:01:45.8",231,0,0,0,0,0,0
"2023-05-26 15:01:45.85",232,0,0,0,0,0,0
"2023-05-26 15:01:45.9",233,0,0,0,0,0,0
"2023-05-26 15:01:45.95",234,0,0,0,0,0,0
"2023-05-26 15:01:46",235,0,0,0,0,0,0
"2023-05-26 15:01:46.05",236,0,0,0,0,0,0
"2023-05-26 15:01:46.1",237,0,0,0,0,0,0
"2023-05-26 15:01:46.15",238,0,0,0,0,0,0
"2023-05-26 15:01:46.2",239,0,0,0,0,0,0
"2023-05-26 15:01:46.25",240,0,0,0,0,0,0
"2023-05-26 15:01:46.3",241,0,0,0,0,0,0
"2023-05-26 15:01:46.35",242,0,0,0,0,0,0
"2023-05-26 15:01:46.4",243,0,0,0,0,0,0
"2023-05-26 15:01:46.45",244,0,0,0,0,0,0
"2023-05-26 15:01:46.5",245,0,0,0,0,0,0
"2023-05-26 15:01:46.55",246,0,0,0,0,0,0
"2023-05-26 15:01:46.6",247,0,0,0,0,0,0
"2023-05-26 15:01:46.65",248,0,0,0,0,0,0
"2023-05-26 15:01:46.7",249,0,0,0,0,0,0
"2023-05-26 15:01:46.75",250,0,0,0,0,0,0
"2023-05-26 15:01:46.8",251,0,0,0,0,0,0
"2023-05-26 15:01:46.85",252,0,0,0,0,0,0
"2023-05-26 15:01:46.9",253,0,0,0,0,0,0
"2023-05-26 15:01:46.95",254,0,0,0,0,0,0
"2023-05-26 15:01:47",255,0,0,0,0,0,0
"2023-05-26 15:01:47.05",256,0,0,0,0,0,0
"2023-05-26 15:01:47.1",257,0,0,0,0,0,0
"2023-05-26 15:01:47.15",258,0,0,0,0,0,0
"2023-05-26 15:01:47.2",259,0,0,0,0,0,0
"2023-05-26 15:01:47.25",260,0,0,0,0,0,0
"2023-05-26 15:01:47.3",261,0,0,0,0,0,0
"2023-05-26 15:01:47.35",262,0,0,0,0,0,0
"2023-05-26 15:01:47.4",263,0,0,0,0,0,0
"2023-05-26 15:01:47.45",264,0,0,0,0,0,0
"2023-05-26 15:01:47.5",265,0,0,0,0,0,0
"2023-05-26 15:01:47.55",266,0,0,0,0,0,0
"2023-05-26 15:01:47.6",267,0,0,0,0,0,0
"2023-05-26 15:01:47.65",268,0,0,0,0,0,0
"2023-05-26 15:01:47.7",269,0,0,0,0,0,0
"2023-05-26 15:01:47.75",270,0,0,0,0,0,0
"2023-05-26 15:01:47.8",271,0,0,0,0,0,0
"2023-05-26 15:01:47.85",272,0,0,0,0,0,0
"2023-05-26 15:01:47.9",273,0,0,0,0,0,0
"2023-05-26 15:01:47.95",274,0,0,0,0,0,0
"2023-05-26 15:01:48",275,0,0,0,0,0,0
"2023-05-26 15:01:48.05",276,0,0,0,0,0,0
"2023-05-26 15:01:48.1",277,0,0,0,0,0,0
"2023-05-26 15:01:48.15",278,0,0,0,0,0,0
"2023-05-26 15:01:48.2",279,0,0,0,0,0,0
"2023-05-26 15:01:48.25",280,0,0,0,0,0,0
"2023-05-26 15:01:48.3",281,0,0,0,0,0,0
"2023-05-26 15:01:48.35",282,0,0,0,0,0,0
"2023-05-26 15:01:48.4",283,0,0,0,0,0,0
"2023-05-26 15:01:48.45",284,0,0,0,0,0,0
"2023-05-26 15:01:48.5",285,0,0,0,0,0,0
"2023-05-26 15:01:48.55",286,0,0,0,0,0,0
"2023-05-26 15:01:48.6",287,0,0,0,0,0,0
"2023-05-26 15:01:48.65",288,0,0,0,0,0,0
"2023-05-26 15:01:48.7",289,0,0,0,0,0,0
"2023-05-26 15:01:48.75",290,0,0,0,0,0,0
"2023-05-26 15:01:48.8",291,0,0,0,0,0,0
"2023-05-26 15:01:48.85",292,0,0,0,0,0,0
"2023-05-26 15:01:48.9",293,0,0,0,0,0,0
"2023-05-26 15:01:48.95",294,0,0,0,0,0,0
"2023-05-26 15:01:49",295,0,0,0,0,0,0
"2023-05-26 15:01:49.05",296,0,0,0,0,0,0
"2023-05-26 15:01:49.1",297,0,0,0,0,0,0
"2023-05-26 15:01:49.15",298,0,0,0,0,0,0
"2023-05-26 15:01:49.2",299,0,0,0,0,0,0
"2023-05-26 15:01:49.25",300,0,0,0,0,0,0
"2023-05-26 15:01:49.3",301,0,0,0,0,0,0
"2023-05-26 15:01:49.35",302,0,0,0,0,0,0
"2023-05-26 15:01:49.4",303,0,0,0,0,0,0
"2023-05-26 15:01:49.45",304,0,0,0,0,0,0
"2023-05-26 15:01:49.5",305,0,0,0,0,0,0
"2023-05-26 15:01:49.55",306,0,0,0,0,0,0
"2023-05-26 15:01:49.6",307,0,0,0,0,0,0
"2023-05-26 15:01:49.65",308,0,0,0,0,0,0
"2023-05-26 15:01:49.7",309,0,0,0,0,0,0
"2023-05-26 15:01:49.75",310,0,0,0,0,0,0
"2023-05-26 15:01:49.8",311,0,0,0,0,0,0
"2023-05-26 15:01:49.85",312,0,0,0,0,0,0
"2023-05-26 15:01:49.9",313,0,0,0,0,0,0
"2023-05-26 15:01:49.95",314,0,0,0,0,0,0
"2023-05-26 15:01:50",315,0,0,0,0,0,0
"2023-05-26 15:01:50.05",316,0,0,0,0,0,0
"2023-05-26 15:01:50.1",317,0,0,0,0,0,0
"2023-05-26 15:01:50.15",318,0,0,0,0,0,0
"2023-05-26 15:01:50.2",319,0,0,0,0,0,0
"2023-05-26 15:01:50.25",320,0,0,0,0,0,0
"2023-05-26 15:01:50.3",321,0,0,0,0,0,0
"2023-05-26 15:01:50.35",322,0,0,0,0,0,0
"2023-05-26 15:01:50.4",323,0,0,0,0,0,0
"2023-05-26 15:01:50.45",324,0,0,0,0,0,0
"2023-05-26 15:01:50.5",325,0,0,0,0,0,0
"2023-05-26 15:01:50.55",326,0,0,0,0,0,0
"2023-05-26 15:01:50.6",327,0,0,0,0,0,0
"2023-05-26 15:01:50.65",328,0,0,0,0,0,0
"2023-05-26 15:01:50.7",329,0,0,0,0,0,0
"2023-05-26 15:01:50.75",330,0,0,0,0,0,0
"2023-05-26 15:01:50.8",331,0,0,0,0,0,0
"2023-05-26 15:01:50.85",332,0,0,0,0,0,0
"2023-05-26 15:01:50.9",333,0,0,0,0,0,0
"2023-05-26 15:01:50.95",334,0,0,0,0,0,0
"2023-05-26 15:01:51",335,0,0,0,0,0,0
"2023-05-26 15:01:51.05",336,0,0,0,0,0,0
"2023-05-26 15:01:51.1",337,0,0,0,0,0,0
"2023-05-26 15:01:51.15",338,0,0,0,0,0,0
"2023-05-26 15:01:51.2",339,0,0,0,0,0,0
"2023-05-26 15:01:51.25",340,0,0,0,0,0,0
"2023-05-26 15:01:51.3",341,0,0,0,0,0,0
"2023-05-26 15:01:51.35",342,0,0,0,0,0,0
"2023-05-26 15:01:51.4",343,0,0,0,0,0,0
"2023-05-26 15:01:51.45",344,0,0,0,0,0,0
"2023-05-26 15:01:51.5",345,0,0,0,0,0,0
"2023-05-26 15:01:51.55",346,0,0,0,0,0,0
"2023-05-26 15:01:51.6",347,0,0,0,0,0,0
"2023-05-26 15:01:51.65",348,0,0,0,0,0,0
"2023-05-26 15:01:51.7",349,0,0,0,0,0,0
"2023-05-26 15:01:51.75",350,0,0,0,0,0,0
"2023-05-26 15:01:51.8",351,0,0,0,0,0,0
"2023-05-26 15:01:51.85",352,0,0,0,0,0,0
"2023-05-26 15:01:51.9",353,0,0,0,0,0,0
"2023-05-26 15:01:51.95",354,0,0,0,0,0,0
"2023-05-26 15:01:52",355,0,0,0,0,0,0
"2023-05-26 15:01:52.05",356,0,0,0,0,0,0
"2023-05-26 15:01:52.1",357,0,0,0,0,0,0
"2023-05-26 15:01:52.15",358,0,0,0,0,0,0
"2023-05-26 15:01:52.2",359,0,0,0,0,0,0
"2023-05-26 15:01:52.25",360,0,0,0,0,0,0
"2023-05-26 15:01:52.3",361,0,0,0,0,0,0
"2023-05-26 15:01:52.35",362,0,0,0,0,0,0
"2023-05-26 15:01:52.4",363,0,0,0,0,0,0
"2023-05-26 15:01:52.45",364,0,0,0,0,0,0
"2023-05-26 15:01:52.5",365,0,0,0,0,0,0
"2023-05-26 15:01:52.55",366,0,0,0,0,0,0
"2023-05-26 15:01:52.6",367,0,0,0,0,0,0
"2023-05-26 15:01:52.65",368,0,0,0,0,0,0
"2023-05-26 15:01:52.7",369,0,0,0,0,0,0
"2023-05-26 15:01:52.75",370,0,0,0,0,0,0
"2023-05-26 15:01:52.8",371,0,0,0,0,0,0
"2023-05-26 15:01:52.85",372,0,0,0,0,0,0
"2023-05-26 15:01:52.9",373,0,0,0,0,0,0
"2023-05-26 15:01:52.95",374,0,0,0,0,0,0
"2023-05-26 15:01:53",375,0,0,0,0,0,0
"2023-05-26 15:01:53.05",376,0,0,0,0,0,0
"2023-05-26 15:01:53.1",377,0,0,0,0,0,0
"2023-05-26 15:01:53.15",378,0,0,0,0,0,0
"2023-05-26 15:01:53.2",379,0,0,0,0,0,0
"2023-05-26 15:01:53.25",380,0,0,0,0,0,0
"2023-05-26 15:01:53.3",381,0,0,0,0,0,0
"2023-05-26 15:01:53.35",382,0,0,0,0,0,0
"2023-05-26 15:01:53.4",383,0,0,0,0,0,0
"2023-05-26 15:01:53.45",384,0,0,0,0,0,0
"2023-05-26 15:01:53.5",385,0,0,0,0,0,0
"2023-05-26 15:01:53.55",386,0,0,0,0,0,0
"2023-05-26 15:01:53.6",387,0,0,0,0,0,0
"2023-05-26 15:01:53.65",388,0,0,0,0,0,0
"2023-05-26 15:01:53.7",389,0,0,0,0,0,0
"2023-05-26 15:01:53.75",390,0,0,0,0,0,0
"2023-05-26 15:01:53.8",391,0,0,0,0,0,0
"2023-05-26 15:01:53.85",392,0,0,0,0,0,0
"2023-05-26 15:01:53.9",393,0,0,0,0,0,0
"2023-05-26 15:01:53.95",394,0,0,0,0,0,0
"2023-05-26 15:01:54",395,0,0,0,0,0,0
"2023-05-26 15:01:54.05",396,0,0,0,0,0,0
"2023-05-26 15:01:54.1",397,0,0,0,0,0,0
"2023-05-26 15:01:54.15",398,0,0,0,0,0,0
"2023-05-26 15:01:54.2",399,0,0,0,0,0,0
"2023-05-26 15:01:54.25",400,0,0,0,0,0,0
"2023-05-26 15:01:54.3",401,0,0,0,0,0,0
"2023-05-26 15:01:54.35",402,0,0,0,0,0,0
"2023-05-26 15:01:54.4",403,0,0,0,0,0,0
"2023-05-26 15:01:54.45",404,0,0,0,0,0,0
"2023-05-26 15:01:54.5",405,0,0,0,0,0,0
"2023-05-26 15:01:54.55",406,0,0,0,0,0,0
"2023-05-26 15:01:54.6",407,0,0,0,0,0,0
"2023-05-26 15:01:54.65",408,0,0,0,0,0,0
"2023-05-26 15:01:54.7",409,0,0,0,0,0,0
"2023-05-26 15:01:54.75",410,0,0,0,0,0,0
"2023-05-26 15:01:54.8",411,0,0,0,0,0,0
"2023-05-26 15:01:54.85",412,0,0,0,0,0,0
"2023-05-26 15:01:54.9",413,0,0,0,0,0,0
"2023-05-26 15:01:54.95",414,0,0,0,0,0,0
"2023-05-26 15:01:55",415,0,0,0,0,0,0
"2023-05-26 15:01:55.05",416,0,0,0,0,0,0
"2023-05-26 15:01:55.1",417,0,0,0,0,0,0
"2023-05-26 15:01:55.15",418,0,0,0,0,0,0
"2023-05-26 15:01:55.2",419,0,0,0,0,0,0
"2023-05-26 15:01:55.25",420,0,0,0,0,0,0
"2023-05-26 15:01:55.3",421,0,0,0,0,0,0
"2023-05-26 15:01:55.35",422,0,0,0,0,0,0
"2023-05-26 15:01:55.4",423,0,0,0,0,0,0
"2023-05-26 15:01:55.45",424,0,0,0,0,0,0
"2023-05-26 15:01:55.5",425,0,0,0,0,0,0
"2023-05-26 15:01:55.55",426,0,0,0,0,0,0
"2023-05-26 15:01:55.6",427,0,0,0,0,0,0
"2023-05-26 15:01:55.65",428,0,0,0,0,0,0
"2023-05-26 15:01:55.7",429,0,0,0,0,0,0
"2023-05-26 15:01:55.75",430,0,0,0,0,0,0
"2023-05-26 15:01:55.8",431,0,0,0,0,0,0
"2023-05-26 15:01:55.85",432,0,0,0,0,0,0
"2023-05-26 15:01:55.9",433,0,0,0,0,0,0
"2023-05-26 15:01:55.95",434,0,0,0,0,0,0
"2023-05-26 15:01:56",435,0,0,0,0,0,0
"2023-05-26 15:01:56.05",436,0,0,0,0,0,0
"2023-05-26 15:01:56.1",437,0,0,0,0,0,0
"2023-05-26 15:01:56.15",438,0,0,0,0,0,0
"2023-05-26 15:01:56.2",439,0,0,0,0,0,0
"2023-05-26 15:01:56.25",440,0,0,0,0,0,0
"2023-05-26 15:01:56.3",441,0,0,0,0,0,0
"2023-05-26 15:01:56.35",442,0,0,0,0,0,0
"2023-05-26 15:01:56.4",443,0,0,0,0,0,0
"2023-05-26 15:01:56.45",444,0,0,0,0,0,0
"2023-05-26 15:01:56.5",445,0,0,0,0,0,0
"2023-05-26 15:01:56.55",446,0,0,0,0,0,0
"2023-05-26 15:01:56.6",447,0,0,0,0,0,0
"2023-05-26 15:01:56.65",448,0,0,0,0,0,0
"2023-05-26 15:01:56.7",449,0,0,0,0,0,0
"2023-05-26 15:01:56.75",450,0,0,0,0,0,0
"2023-05-26 15:01:56.8",451,0,0,0,0,0,0
"2023-05-26 15:01:56.85",452,0,0,0,0,0,0
"2023-05-26 15:01:56.9",453,0,0,0,0,0,0
"2023-05-26 15:01:56.95",454,0,0,0,0,0,0
"2023-05-26 15:01:57",455,0,0,0,0,0,0
"2023-05-26 15:01:57.05",456,0,0,0,0,0,0
"2023-05-26 15:01:57.1",457,0,0,0,0,0,0
"2023-05-26 15:01:57.15",458,0,0,0,0,0,0
"2023-05-26 15:01:57.2",459,0,0,0,0,0,0
"2023-05-26 15:01:57.25",460,0,0,0,0,0,0
"2023-05-26 15:01:57.3",461,0,0,0,0,0,0
"2023-05-26 15:01:57.35",462,0,0,0,0,0,0
"2023-05-26 15:01:57.4",463,0,0,0,0,0,0
"2023-05-26 15:01:57.45",464,0,0,0,0,0,0
"2023-05-26 15:01:57.5",465,0,0,0,0,0,0
"2023-05-26 15:01:57.55",466,0,0,0,0,0,0
"2023-05-26 15:01:57.6",467,0,0,0,0,0,0
"2023-05-26 15:01:57.65",468,0,0,0,0,0,0
"2023-05-26 15:01:57.7",469,0,0,0,0,0,0
"2023-05-26 15:01:57.75",470,0,0,0,0,0,0
"2023-05-26 15:01:57.8",471,0,0,0,0,0,0
"2023-05-26 15:01:57.85",472,0,0,0,0,0,0
"2023-05-26 15:01:57.9",473,0,0,0,0,0,0
"2023-05-26 15:01:57.95",474,0,0,0,0,0,0
"2023-05-26 15:01:58",475,0,0,0,0,0,0
"2023-05-26 15:01:58.05",476,0,0,0,0,0,0
"2023-05-26 15:01:58.1",477,0,0,0,0,0,0
"2023-05-26 15:01:58.15",478,0,0,0,0,0,0
"2023-05-26 15:01:58.2",479,0,0,0,0,0,0
"2023-05-26 15:01:58.25",480,0,0,0,0,0,0
"2023-05-26 15:01:58.3",481,0,0,0,0,0,0
"2023-05-26 15:01:58.35",482,0,0,0,0,0,0
"2023-05-26 15:01:58.4",483,0,0,0,0,0,0
"2023-05-26 15:01:58.45",484,0,0,0,0,0,0
"2023-05-26 15:01:58.5",485,0,0,0,0,0,0
"2023-05-26 15:01:58.55",486,0,0,0,0,0,0
"2023-05-26 15:01:58.6",487,0,0,0,0,0,0
"2023-05-26 15:01:58.65",488,0,0,0,0,0,0
"2023-05-26 15:01:58.7",489,0,0,0,0,0,0
"2023-05-26 15:01:58.75",490,0,0,0,0,0,0
"2023-05-26 15:01:58.8",491,0,0,0,0,0,0
"2023-05-26 15:01:58.85",492,0,0,0,0,0,0
"2023-05-26 15:01:58.9",493,0,0,0,0,0,0
"2023-05-26 15:01:58.95",494,0,0,0,0,0,0
"2023-05-26 15:01:59",495,0,0,0,0,0,0
"2023-05-26 15:01:59.05",496,0,0,0,0,0,0
"2023-05-26 15:01:59.1",497,0,0,0,0,0,0
"2023-05-26 15:01:59.15",498,0,0,0,0,0,0
"2023-05-26 15:01:59.2",499,0,0,0,0,0,0
"2023-05-26 15:01:59.25",500,0,0,0,0,0,0
"2023-05-26 15:01:59.3",501,0,0,0,0,0,0
"2023-05-26 15:01:59.35",502,0,0,0,0,0,0
"2023-05-26 15:01:59.4",503,0,0,0,0,0,0
"2023-05-26 15:01:59.45",504,0,0,0,0,0,0
"2023-05-26 15:01:59.5",505,0,0,0,0,0,0
"2023-05-26 15:01:59.55",506,0,0,0,0,0,0
"2023-05-26 15:01:59.6",507,0,0,0,0,0,0
"2023-05-26 15:01:59.65",508,0,0,0,0,0,0
"2023-05-26 15:01:59.7",509,0,0,0,0,0,0
"2023-05-26 15:01:59.75",510,0,0,0,0,0,0
"2023-05-26 15:01:59.8",511,0,0,0,0,0,0
"2023-05-26 15:01:59.85",512,0,0,0,0,0,0
"2023-05-26 15:01:59.9",513,0,0,0,0,0,0
"2023-05-26 15:01:59.95",514,0,0,0,0,0,0
"2023-05-26 15:02:00",515,0,0,0,0,0,0
"2023-05-26 15:02:00.05",516,0,0,0,0,0,0
"2023-05-26 15:02:00.1",517,0,0,0,0,0,0
"2023-05-26 15:02:00.15",518,0,0,0,0,0,0
"2023-05-26 15:02:00.2",519,0,0,0,0,0,0
"2023-05-26 15:02:00.25",520,0,0,0,0,0,0
"2023-05-26 15:02:00.3",521,0,0,0,0,0,0
"2023-05-26 15:02:00.35",522,0,0,0,0,0,0
"2023-05-26 15:02:00.4",523,0,0,0,0,0,0
"2023-05-26 15:02:00.45",524,0,0,0,0,0,0
"2023-05-26 15:02:00.5",525,0,0,0,0,0,0
"2023-05-26 15:02:00.55",526,0,0,0,0,0,0
"2023-05-26 15:02:00.6",527,0,0,0,0,0,0
"2023-05-26 15:02:00.65",528,0,0,0,0,0,0
"2023-05-26 15:02:00.7",529,0,0,0,0,0,0
"2023-05-26 15:02:00.75",530,0,0,0,0,0,0
"2023-05-26 15:02:00.8",531,0,0,0,0,0,0
"2023-05-26 15:02:00.85",532,0,0,0,0,0,0
"2023-05-26 15:02:00.9",533,0,0,0,0,0,0
"2023-05-26 15:02:00.95",534,0,0,0,0,0,0
"2023-05-26 15:02:01",535,0,0,0,0,0,0
"2023-05-26 15:02:01.05",536,0,0,0,0,0,0
"2023-05-26 15:02:01.1",537,0,0,0,0,0,0
"2023-05-26 15:02:01.15",538,0,0,0,0,0,0
"2023-05-26 15:02:01.2",539,0,0,0,0,0,0
"2023-05-26 15:02:01.25",540,0,0,0,0,0,0
"2023-05-26 15:02:01.3",541,0,0,0,0,0,0
"2023-05-26 15:02:01.35",542,0,0,0,0,0,0
"2023-05-26 15:02:01.4",543,0,0,0,0,0,0
"2023-05-26 15:02:01.45",544,0,0,0,0,0,0
"2023-05-26 15:02:01.5",545,0,0,0,0,0,0
"2023-05-26 15:02:01.55",546,0,0,0,0,0,0
"2023-05-26 15:02:01.6",547,0,0,0,0,0,0
"2023-05-26 15:02:01.65",548,0,0,0,0,0,0
"2023-05-26 15:02:01.7",549,0,0,0,0,0,0
"2023-05-26 15:02:01.75",550,0,0,0,0,0,0
"2023-05-26 15:02:01.8",551,0,0,0,0,0,0
"2023-05-26 15:02:01.85",552,0,0,0,0,0,0
"2023-05-26 15:02:01.9",553,0,0,0,0,0,0
"2023-05-26 15:02:01.95",554,0,0,0,0,0,0
"2023-05-26 15:02:02",555,0,0,0,0,0,0
"2023-05-26 15:02:02.05",556,0,0,0,0,0,0
"2023-05-26 15:02:02.1",557,0,0,0,0,0,0
"2023-05-26 15:02:02.15",558,0,0,0,0,0,0
"2023-05-26 15:02:02.2",559,0,0,0,0,0,0
"2023-05-26 15:02:02.25",560,0,0,0,0,0,0
"2023-05-26 15:02:02.3",561,0,0,0,0,0,0
"2023-05-26 15:02:02.35",562,0,0,0,0,0,0
"2023-05-26 15:02:02.4",563,0,0,0,0,0,0
"2023-05-26 15:02:02.45",564,0,0,0,0,0,0
"2023-05-26 15:02:02.5",565,0,0,0,0,0,0
"2023-05-26 15:02:02.55",566,0,0,0,0,0,0
"2023-05-26 15:02:02.6",567,0,0,0,0,0,0
"2023-05-26 15:02:02.65",568,0,0,0,0,0,0
"2023-05-26 15:02:02.7",569,0,0,0,0,0,0
"2023-05-26 15:02:02.75",570,0,0,0,0,0,0
"2023-05-26 15:02:02.8",571,0,0,0,0,0,0
"2023-05-26 15:02:02.85",572,0,0,0,0,0,0
"2023-05-26 15:02:02.9",573,0,0,0,0,0,0
"2023-05-26 15:02:02.95",574,0,0,0,0,0,0
"2023-05-26 15:02:03",575,0,0,0,0,0,0
"2023-05-26 15:02:03.05",576,0,0,0,0,0,0
"2023-05-26 15:02:03.1",577,0,0,0,0,0,0
"2023-05-26 15:02:03.15",578,0,0,0,0,0,0
"2023-05-26 15:02:03.2",579,0,0,0,0,0,0
"2023-05-26 15:02:03.25",580,0,0,0,0,0,0
"2023-05-26 15:02:03.3",581,0,0,0,0,0,0
"2023-05-26 15:02:03.35",582,0,0,0,0,0,0
"2023-05-26 15:02:03.4",583,0,0,0,0,0,0
"2023-05-26 15:02:03.45",584,0,0,0,0,0,0
"2023-05-26 15:02:03.5",585,0,0,0,0,0,0
"2023-05-26 15:02:03.55",586,0,0,0,0,0,0
"2023-05-26 15:02:03.6",587,0,0,0,0,0,0
"2023-05-26 15:02:03.65",588,0,0,0,0,0,0
"2023-05-26 15:02:03.7",589,0,0,0,0,0,0
"2023-05-26 15:02:03.75",590,0,0,0,0,0,0
"2023-05-26 15:02:03.8",591,0,0,0,0,0,0
"2023-05-26 15:02:03.85",592,0,0,0,0,0,0
"2023-05-26 15:02:03.9",593,0,0,0,0,0,0
"2023-05-26 15:02:03.95",594,0,0,0,0,0,0
"2023-05-26 15:02:04",595,0,0,0,0,0,0
"2023-05-26 15:02:04.05",596,0,0,0,0,0,0
"2023-05-26 15:02:04.1",597,0,0,0,0,0,0
"2023-05-26 15:02:04.15",598,0,0,0,0,0,0
"2023-05-26 15:02:04.2",599,0,0,0,0,0,0
"2023-05-26 15:02:04.25",600,0,0,0,0,0,0
"2023-05-26 15:02:04.3",601,0,0,0,0,0,0
"2023-05-26 15:02:04.35",602,0,0,0,0,0,0
"2023-05-26 15:02:04.4",603,0,0,0,0,0,0
"2023-05-26 15:02:04.45",604,0,0,0,0,0,0
"2023-05-26 15:02:04.5",605,0,0,0,0,0,0
"2023-05-26 15:02:04.55",606,0,0,0,0,0,0
"2023-05-26 15:02:04.6",607,0,0,0,0,0,0
"2023-05-26 15:02:04.65",608,0,0,0,0,0,0
"2023-05-26 15:02:04.7",609,0,0,0,0,0,0
"2023-05-26 15:02:04.75",610,0,0,0,0,0,0
"2023-05-26 15:02:04.8",611,0,0,0,0,0,0
"2023-05-26 15:02:04.85",612,0,0,0,0,0,0
"2023-05-26 15:02:04.9",613,0,0,0,0,0,0
"2023-05-26 15:02:04.95",614,0,0,0,0,0,0
"2023-05-26 15:02:05",615,0,0,0,0,0,0
"2023-05-26 15:02:05.05",616,0,0,0,0,0,0
"2023-05-26 15:02:05.1",617,0,0,0,0,0,0
"2023-05-26 15:02:05.15",618,0,0,0,0,0,0
"2023-05-26 15:02:05.2",619,0,0,0,0,0,0
"2023-05-26 15:02:05.25",620,0,0,0,0,0,0
"2023-05-26 15:02:05.3",621,0,0,0,0,0,0
"2023-05-26 15:02:05.35",622,0,0,0,0,0,0
"2023-05-26 15:02:05.4",623,0,0,0,0,0,0
"2023-05-26 15:02:05.45",624,0,0,0,0,0,0
"2023-05-26 15:02:05.5",625,0,0,0,0,0,0
"2023-05-26 15:02:05.55",626,0,0,0,0,0,0
"2023-05-26 15:02:05.6",627,0,0,0,0,0,0
"2023-05-26 15:02:05.65",628,0,0,0,0,0,0
"2023-05-26 15:02:05.7",629,0,0,0,0,0,0
"2023-05-26 15:02:05.75",630,0,0,0,0,0,0
"2023-05-26 15:02:05.8",631,0,0,0,0,0,0
"2023-05-26 15:02:05.85",632,0,0,0,0,0,0
"2023-05-26 15:02:05.9",633,0,0,0,0,0,0
"2023-05-26 15:02:05.95",634,0,0,0,0,0,0
"2023-05-26 15:02:06",635,0,0,0,0,0,0
"2023-05-26 15:02:06.05",636,0,0,0,0,0,0
"2023-05-26 15:02:06.1",637,0,0,0,0,0,0
"2023-05-26 15:02:06.15",638,0,0,0,0,0,0
"2023-05-26 15:02:06.2",639,0,0,0,0,0,0
"2023-05-26 15:02:06.25",640,0,0,0,0,0,0
"2023-05-26 15:02:06.3",641,0,0,0,0,0,0
"2023-05-26 15:02:06.35",642,0,0,0,0,0,0
"2023-05-26 15:02:06.4",643,0,0,0,0,0,0
"2023-05-26 15:02:06.45",644,0,0,0,0,0,0
"2023-05-26 15:02:06.5",645,0,0,0,0,0,0
"2023-05-26 15:02:06.55",646,0,0,0,0,0,0
"2023-05-26 15:02:06.6",647,0,0,0,0,0,0
"2023-05-26 15:02:06.65",648,0,0,0,0,0,0
"2023-05-26 15:02:06.7",649,0,0,0,0,0,0
"2023-05-26 15:02:06.75",650,0,0,0,0,0,0
"2023-05-26 15:02:06.8",651,0,0,0,0,0,0
"2023-05-26 15:02:06.85",652,0,0,0,0,0,0
"2023-05-26 15:02:06.9",653,0,0,0,0,0,0
"2023-05-26 15:02:06.95",654,0,0,0,0,0,0
"2023-05-26 15:02:07",655,0,0,0,0,0,0
"2023-05-26 15:02:07.05",656,0,0,0,0,0,0
"2023-05-26 15:02:07.1",657,0,0,0,0,0,0
"2023-05-26 15:02:07.15",658,0,0,0,0,0,0
"2023-05-26 15:02:07.2",659,0,0,0,0,0,0
"2023-05-26 15:02:07.25",660,0,0,0,0,0,0
"2023-05-26 15:02:07.3",661,0,0,0,0,0,0
"2023-05-26 15:02:07.35",662,0,0,0,0,0,0
"2023-05-26 15:02:07.4",663,0,0,0,0,0,0
"2023-05-26 15:02:07.45",664,0,0,0,0,0,0
"2023-05-26 15:02:07.5",665,0,0,0,0,0,0
"2023-05-26 15:02:07.55",666,0,0,0,0,0,0
"2023-05-26 15:02:07.6",667,0,0,0,0,0,0
"2023-05-26 15:02:07.65",668,0,0,0,0,0,0
"2023-05-26 15:02:07.7",669,0,0,0,0,0,0
"2023-05-26 15:02:07.75",670,0,0,0,0,0,0
"2023-05-26 15:02:07.8",671,0,0,0,0,0,0
"2023-05-26 15:02:07.85",672,0,0,0,0,0,0
"2023-05-26 15:02:07.9",673,0,0,0,0,0,0
"2023-05-26 15:02:07.95",674,0,0,0,0,0,0
"2023-05-26 15:02:08",675,0,0,0,0,0,0
"2023-05-26 15:02:08.05",676,0,0,0,0,0,0
"2023-05-26 15:02:08.1",677,0,0,0,0,0,0
"2023-05-26 15:02:08.15",678,0,0,0,0,0,0
"2023-05-26 15:02:08.2",679,0,0,0,0,0,0
"2023-05-26 15:02:08.25",680,0,0,0,0,0,0
"2023-05-26 15:02:08.3",681,0,0,0,0,0,0
"2023-05-26 15:02:08.35",682,0,0,0,0,0,0
"2023-05-26 15:02:08.4",683,0,0,0,0,0,0
"2023-05-26 15:02:08.45",684,0,0,0,0,0,0
"2023-05-26 15:02:08.5",685,0,0,0,0,0,0
"2023-05-26 15:02:08.55",686,0,0,0,0,0,0
"2023-05-26 15:02:08.6",687,0,0,0,0,0,0
"2023-05-26 15:02:08.65",688,0,0,0,0,0,0
"2023-05-26 15:02:08.7",689,0,0,0,0,0,0
"2023-05-26 15:02:08.75",690,0,0,0,0,0,0
"2023-05-26 15:02:08.8",691,0,0,0,0,0,0
"2023-05-26 15:02:08.85",692,0,0,0,0,0,0
"2023-05-26 15:02:08.9",693,0,0,0,0,0,0
"2023-05-26 15:02:08.95",694,0,0,0,0,0,0
"2023-05-26 15:02:09",695,0,0,0,0,0,0
"2023-05-26 15:02:09.05",696,0,0,0,0,0,0
"2023-05-26 15:02:09.1",697,0,0,0,0,0,0
"2023-05-26 15:02:09.15",698,0,0,0,0,0,0
"2023-05-26 15:02:09.2",699,0,0,0,0,0,0
"2023-05-26 15:02:09.25",700,0,0,0,0,0,0
"2023-05-26 15:02:09.3",701,0,0,0,0,0,0
"2023-05-26 15:02:09.35",702,0,0,0,0,0,0
"2023-05-26 15:02:09.4",703,0,0,0,0,0,0
"2023-05-26 15:02:09.45",704,0,0,0,0,0,0
"2023-05-26 15:02:09.5",705,0,0,0,0,0,0
"2023-05-26 15:02:09.55",706,0,0,0,0,0,0
"2023-05-26 15:02:09.6",707,0,0,0,0,0,0
"2023-05-26 15:02:09.65",708,0,0,0,0,0,0
"2023-05-26 15:02:09.7",709,0,0,0,0,0,0
"2023-05-26 15:02:09.75",710,0,0,0,0,0,0
"2023-05-26 15:02:09.8",711,0,0,0,0,0,0
"2023-05-26 15:02:09.85",712,0,0,0,0,0,0
"2023-05-26 15:02:09.9",713,0,0,0,0,0,0
"2023-05-26 15:02:09.95",714,0,0,0,0,0,0
"2023-05-26 15:02:10",715,0,0,0,0,0,0
"2023-05-26 15:02:10.05",716,0,0,0,0,0,0
"2023-05-26 15:02:10.1",717,0,0,0,0,0,0
"2023-05-26 15:02:10.15",718,0,0,0,0,0,0
"2023-05-26 15:02:10.2",719,0,0,0,0,0,0
"2023-05-26 15:02:10.25",720,0,0,0,0,0,0
"2023-05-26 15:02:10.3",721,0,0,0,0,0,0
"2023-05-26 15:02:10.35",722,0,0,0,0,0,0
"2023-05-26 15:02:10.4",723,0,0,0,0,0,0
"2023-05-26 15:02:10.45",724,0,0,0,0,0,0
"2023-05-26 15:02:10.5",725,0,0,0,0,0,0
"2023-05-26 15:02:10.55",726,0,0,0,0,0,0
"2023-05-26 15:02:10.6",727,0,0,0,0,0,0
"2023-05-26 15:02:10.65",728,0,0,0,0,0,0
"2023-05-26 15:02:10.7",729,0,0,0,0,0,0
"2023-05-26 15:02:10.75",730,0,0,0,0,0,0
"2023-05-26 15:02:10.8",731,0,0,0,0,0,0
"2023-05-26 15:02:10.85",732,0,0,0,0,0,0
"2023-05-26 15:02:10.9",733,0,0,0,0,0,0
"2023-05-26 15:02:10.95",734,0,0,0,0,0,0
"2023-05-26 15:02:11",735,0,0,0,0,0,0
"2023-05-26 15:02:11.05",736,0,0,0,0,0,0
"2023-05-26 15:02:11.1",737,0,0,0,0,0,0
"2023-05-26 15:02:11.15",738,0,0,0,0,0,0
"2023-05-26 15:02:11.2",739,0,0,0,0,0,0
"2023-05-26 15:02:11.25",740,0,0,0,0,0,0
"2023-05-26 15:02:11.3",741,0,0,0,0,0,0
"2023-05-26 15:02:11.35",742,0,0,0,0,0,0
"2023-05-26 15:02:11.4",743,0,0,0,0,0,0
"2023-05-26 15:02:11.45",744,0,0,0,0,0,0
"2023-05-26 15:02:11.5",745,0,0,0,0,0,0
"2023-05-26 15:02:11.55",746,0,0,0,0,0,0
"2023-05-26 15:02:11.6",747,0,0,0,0,0,0
"2023-05-26 15:02:11.65",748,0,0,0,0,0,0
"2023-05-26 15:02:11.7",749,0,0,0,0,0,0
"2023-05-26 15:02:11.75",750,0,0,0,0,0,0
"2023-05-26 15:02:11.8",751,0,0,0,0,0,0
"2023-05-26 15:02:11.85",752,0,0,0,0,0,0
"2023-05-26 15:02:11.9",753,0,0,0,0,0,0
"2023-05-26 15:02:11.95",754,0,0,0,0,0,0
"2023-05-26 15:02:12",755,0,0,0,0,0,0
"2023-05-26 15:02:12.05",756,0,0,0,0,0,0
"2023-05-26 15:02:12.1",757,0,0,0,0,0,0
"2023-05-26 15:02:12.15",758,0,0,0,0,0,0
"2023-05-26 15:02:12.2",759,0,0,0,0,0,0
"2023-05-26 15:02:12.25",760,0,0,0,0,0,0
"2023-05-26 15:02:12.3",761,0,0,0,0,0,0
"2023-05-26 15:02:12.35",762,0,0,0,0,0,0
"2023-05-26 15:02:12.4",763,0,0,0,0,0,0
"2023-05-26 15:02:12.45",764,0,0,0,0,0,0
"2023-05-26 15:02:12.5",765,0,0,0,0,0,0
"2023-05-26 15:02:12.55",766,0,0,0,0,0,0
"2023-05-26 15:02:12.6",767,0,0,0,0,0,0
"2023-05-26 15:02:12.65",768,0,0,0,0,0,0
"2023-05-26 15:02:12.7",769,0,0,0,0,0,0
"2023-05-26 15:02:12.75",770,0,0,0,0,0,0
"2023-05-26 15:02:12.8",771,0,0,0,0,0,0
"2023-05-26 15:02:12.85",772,0,0,0,0,0,0
"2023-05-26 15:02:12.9",773,0,0,0,0,0,0
"2023-05-26 15:02:12.95",774,0,0,0,0,0,0
"2023-05-26 15:02:13",775,0,0,0,0,0,0
"2023-05-26 15:02:13.05",776,0,0,0,0,0,0
"2023-05-26 15:02:13.1",777,0,0,0,0,0,0
"2023-05-26 15:02:13.15",778,0,0,0,0,0,0
"2023-05-26 15:02:13.2",779,0,0,0,0,0,0
"2023-05-26 15:02:13.25",780,0,0,0,0,0,0
"2023-05-26 15:02:13.3",781,0,0,0,0,0,0
"2023-05-26 15:02:13.35",782,0,0,0,0,0,0
"2023-05-26 15:02:13.4",783,0,0,0,0,0,0
"2023-05-26 15:02:13.45",784,0,0,0,0,0,0
"2023-05-26 15:02:13.5",785,0,0,0,0,0,0
"2023-05-26 15:02:13.55",786,0,0,0,0,0,0
"2023-05-26 15:02:13.6",787,0,0,0,0,0,0
"2023-05-26 15:02:13.65",788,0,0,0,0,0,0
"2023-05-26 15:02:13.7",789,0,0,0,0,0,0
"2023-05-26 15:02:13.75",790,0,0,0,0,0,0
"2023-05-26 15:02:13.8",791,0,0,0,0,0,0
"2023-05-26 15:02:13.85",792,0,0,0,0,0,0
"2023-05-26 15:02:13.9",793,0,0,0,0,0,0
"2023-05-26 15:02:13.95",794,0,0,0,0,0,0
"2023-05-26 15:02:14",795,0,0,0,0,0,0
"2023-05-26 15:02:14.05",796,0,0,0,0,0,0
"2023-05-26 15:02:14.1",797,0,0,0,0,0,0
"2023-05-26 15:02:14.15",798,0,0,0,0,0,0
"2023-05-26 15:02:14.2",799,0,0,0,0,0,0
"2023-05-26 15:02:14.25",800,0,0,0,0,0,0
"2023-05-26 15:02:14.3",801,0,0,0,0,0,0
"2023-05-26 15:02:14.35",802,0,0,0,0,0,0
"2023-05-26 15:02:14.4",803,0,0,0,0,0,0
"2023-05-26 15:02:14.45",804,0,0,0,0,0,0
"2023-05-26 15:02:14.5",805,0,0,0,0,0,0
"2023-05-26 15:02:14.55",806,0,0,0,0,0,0
"2023-05-26 15:02:14.6",807,0,0,0,0,0,0
"2023-05-26 15:02:14.65",808,0,0,0,0,0,0
"2023-05-26 15:02:14.7",809,0,0,0,0,0,0
"2023-05-26 15:02:14.75",810,0,0,0,0,0,0
"2023-05-26 15:02:14.8",811,0,0,0,0,0,0
"2023-05-26 15:02:14.85",812,0,0,0,0,0,0
"2023-05-26 15:02:14.9",813,0,0,0,0,0,0
"2023-05-26 15:02:14.95",814,0,0,0,0,0,0
"2023-05-26 15:02:15",815,0,0,0,0,0,0
"2023-05-26 15:02:15.05",816,0,0,0,0,0,0
"2023-05-26 15:02:15.1",817,0,0,0,0,0,0
"2023-05-26 15:02:15.15",818,0,0,0,0,0,0
"2023-05-26 15:02:15.2",819,0,0,0,0,0,0
"2023-05-26 15:02:15.25",820,0,0,0,0,0,0
"2023-05-26 15:02:15.3",821,0,0,0,0,0,0
"2023-05-26 15:02:15.35",822,0,0,0,0,0,0
"2023-05-26 15:02:15.4",823,0,0,0,0,0,0
"2023-05-26 15:02:15.45",824,0,0,0,0,0,0
"2023-05-26 15:02:15.5",825,0,0,0,0,0,0
"2023-05-26 15:02:15.55",826,0,0,0,0,0,0
"2023-05-26 15:02:15.6",827,0,0,0,0,0,0
"2023-05-26 15:02:15.65",828,0,0,0,0,0,0
"2023-05-26 15:02:15.7",829,0,0,0,0,0,0
"2023-05-26 15:02:15.75",830,0,0,0,0,0,0
"2023-05-26 15:02:15.8",831,0,0,0,0,0,0
"2023-05-26 15:02:15.85",832,0,0,0,0,0,0
"2023-05-26 15:02:15.9",833,0,0,0,0,0,0
"2023-05-26 15:02:15.95",834,0,0,0,0,0,0
"2023-05-26 15:02:16",835,0,0,0,0,0,0
"2023-05-26 15:02:16.05",836,0,0,0,0,0,0
"2023-05-26 15:02:16.1",837,0,0,0,0,0,0
"2023-05-26 15:02:16.15",838,0,0,0,0,0,0
"2023-05-26 15:02:16.2",839,0,0,0,0,0,0
"2023-05-26 15:02:16.25",840,0,0,0,0,0,0
"2023-05-26 15:02:16.3",841,0,0,0,0,0,0
"2023-05-26 15:02:16.35",842,0,0,0,0,0,0
"2023-05-26 15:02:16.4",843,0,0,0,0,0,0
"2023-05-26 15:02:16.45",844,0,0,0,0,0,0
"2023-05-26 15:02:16.5",845,0,0,0,0,0,0
"2023-05-26 15:02:16.55",846,0,0,0,0,0,0
"2023-05-26 15:02:16.6",847,0,0,0,0,0,0
"2023-05-26 15:02:16.65",848,0,0,0,0,0,0
"2023-05-26 15:02:16.7",849,0,0,0,0,0,0
"2023-05-26 15:02:16.75",850,0,0,0,0,0,0
"2023-05-26 15:02:16.8",851,0,0,0,0,0,0
"2023-05-26 15:02:16.85",852,0,0,0,0,0,0
"2023-05-26 15:02:16.9",853,0,0,0,0,0,0
"2023-05-26 15:02:16.95",854,0,0,0,0,0,0
"2023-05-26 15:02:17",855,0,0,0,0,0,0
"2023-05-26 15:02:17.05",856,0,0,0,0,0,0
"2023-05-26 15:02:17.1",857,0,0,0,0,0,0
"2023-05-26 15:02:17.15",858,0,0,0,0,0,0
"2023-05-26 15:02:17.2",859,0,0,0,0,0,0
"2023-05-26 15:02:17.25",860,0,0,0,0,0,0
"2023-05-26 15:02:17.3",861,0,0,0,0,0,0
"2023-05-26 15:02:17.35",862,0,0,0,0,0,0
"2023-05-26 15:02:17.4",863,0,0,0,0,0,0
"2023-05-26 15:02:17.45",864,0,0,0,0,0,0
"2023-05-26 15:02:17.5",865,0,0,0,0,0,0
"2023-05-26 15:02:17.55",866,0,0,0,0,0,0
"2023-05-26 15:02:17.6",867,0,0,0,0,0,0
"2023-05-26 15:02:17.65",868,0,0,0,0,0,0
"2023-05-26 15:02:17.7",869,0,0,0,0,0,0
"2023-05-26 15:02:17.75",870,0,0,0,0,0,0
"2023-05-26 15:02:17.8",871,0,0,0,0,0,0
"2023-05-26 15:02:17.85",872,0,0,0,0,0,0
"2023-05-26 15:02:17.9",873,0,0,0,0,0,0
"2023-05-26 15:02:17.95",874,0,0,0,0,0,0
"2023-05-26 15:02:18",875,0,0,0,0,0,0
"2023-05-26 15:02:18.05",876,0,0,0,0,0,0
"2023-05-26 15:02:18.1",877,0,0,0,0,0,0
"2023-05-26 15:02:18.15",878,0,0,0,0,0,0
"2023-05-26 15:02:18.2",879,0,0,0,0,0,0
"2023-05-26 15:02:18.25",880,0,0,0,0,0,0
"2023-05-26 15:02:18.3",881,0,0,0,0,0,0
"2023-05-26 15:02:18.35",882,0,0,0,0,0,0
"2023-05-26 15:02:18.4",883,0,0,0,0,0,0
"2023-05-26 15:02:18.45",884,0,0,0,0,0,0
"2023-05-26 15:02:18.5",885,0,0,0,0,0,0
"2023-05-26 15:02:18.55",886,0,0,0,0,0,0
"2023-05-26 15:02:18.6",887,0,0,0,0,0,0
"2023-05-26 15:02:18.65",888,0,0,0,0,0,0
"2023-05-26 15:02:18.7",889,0,0,0,0,0,0
"2023-05-26 15:02:18.75",890,0,0,0,0,0,0
"2023-05-26 15:02:18.8",891,0,0,0,0,0,0
"2023-05-26 15:02:18.85",892,0,0,0,0,0,0
"2023-05-26 15:02:18.9",893,0,0,0,0,0,0
"2023-05-26 15:02:18.95",894,0,0,0,0,0,0
"2023-05-26 15:02:19",895,0,0,0,0,0,0
"2023-05-26 15:02:19.05",896,0,0,0,0,0,0
"2023-05-26 15:02:19.1",897,0,0,0,0,0,0
"2023-05-26 15:02:19.15",898,0,0,0,0,0,0
"2023-05-26 15:02:19.2",899,0,0,0,0,0,0
"2023-05-26 15:02:19.25",900,0,0,0,0,0,0
"2023-05-26 15:02:19.3",901,0,0,0,0,0,0
"2023-05-26 15:02:19.35",902,0,0,0,0,0,0
"2023-05-26 15:02:19.4",903,0,0,0,0,0,0
"2023-05-26 15:02:19.45",904,0,0,0,0,0,0
"2023-05-26 15:02:19.5",905,0,0,0,0,0,0
"2023-05-26 15:02:19.55",906,0,0,0,0,0,0
"2023-05-26 15:02:19.6",907,0,0,0,0,0,0
"2023-05-26 15:02:19.65",908,0,0,0,0,0,0
"2023-05-26 15:02:19.7",909,0,0,0,0,0,0
"2023-05-26 15:02:19.75",910,0,0,0,0,0,0
"2023-05-26 15:02:19.8",911,0,0,0,0,0,0
"2023-05-26 15:02:19.85",912,0,0,0,0,0,0
"2023-05-26 15:02:19.9",913,0,0,0,0,0,0
"2023-05-26 15:02:19.95",914,0,0,0,0,0,0
"2023-05-26 15:02:20",915,0,0,0,0,0,0
"2023-05-26 15:02:20.05",916,0,0,0,0,0,0
"2023-05-26 15:02:20.1",917,0,0,0,0,0,0
"2023-05-26 15:02:20.15",918,0,0,0,0,0,0
"2023-05-26 15:02:20.2",919,0,0,0,0,0,0
"2023-05-26 15:02:20.25",920,0,0,0,0,0,0
"2023-05-26 15:02:20.3",921,0,0,0,0,0,0
"2023-05-26 15:02:20.35",922,0,0,0,0,0,0
"2023-05-26 15:02:20.4",923,0,0,0,0,0,0
"2023-05-26 15:02:20.45",924,0,0,0,0,0,0
"2023-05-26 15:02:20.5",925,0,0,0,0,0,0
"2023-05-26 15:02:20.55",926,0,0,0,0,0,0
"2023-05-26 15:02:20.6",927,0,0,0,0,0,0
"2023-05-26 15:02:20.65",928,0,0,0,0,0,0
"2023-05-26 15:02:20.7",929,0,0,0,0,0,0
"2023-05-26 15:02:20.75",930,0,0,0,0,0,0
"2023-05-26 15:02:20.8",931,0,0,0,0,0,0
"2023-05-26 15:02:20.85",932,0,0,0,0,0,0
"2023-05-26 15:02:20.9",933,0,0,0,0,0,0
"2023-05-26 15:02:20.95",934,0,0,0,0,0,0
"2023-05-26 15:02:21",935,0,0,0,0,0,0
"2023-05-26 15:02:21.05",936,0,0,0,0,0,0
"2023-05-26 15:02:21.1",937,0,0,0,0,0,0
"2023-05-26 15:02:21.15",938,0,0,0,0,0,0
"2023-05-26 15:02:21.2",939,0,0,0,0,0,0
"2023-05-26 15:02:21.25",940,0,0,0,0,0,0
"2023-05-26 15:02:21.3",941,0,0,0,0,0,0
"2023-05-26 15:02:21.35",942,0,0,0,0,0,0
"2023-05-26 15:02:21.4",943,0,0,0,0,0,0
"2023-05-26 15:02:21.45",944,0,0,0,0,0,0
"2023-05-26 15:02:21.5",945,0,0,0,0,0,0
"2023-05-26 15:02:21.55",946,0,0,0,0,0,0
"2023-05-26 15:02:21.6",947,0,0,0,0,0,0
"2023-05-26 15:02:21.65",948,0,0,0,0,0,0
"2023-05-26 15:02:21.7",949,0,0,0,0,0,0
"2023-05-26 15:02:21.75",950,0,0,0,0,0,0
"2023-05-26 15:02:21.8",951,0,0,0,0,0,0
"2023-05-26 15:02:21.85",952,0,0,0,0,0,0
"2023-05-26 15:02:21.9",953,0,0,0,0,0,0
"2023-05-26 15:02:21.95",954,0,0,0,0,0,0
"2023-05-26 15:02:22",955,0,0,0,0,0,0
"2023-05-26 15:02:22.05",956,0,0,0,0,0,0
"2023-05-26 15:02:22.1",957,0,0,0,0,0,0
"2023-05-26 15:02:22.15",958,0,0,0,0,0,0
"2023-05-26 15:02:22.2",959,0,0,0,0,0,0
"2023-05-26 15:02:22.25",960,0,0,0,0,0,0
"2023-05-26 15:02:22.3",961,0,0,0,0,0,0
"2023-05-26 15:02:22.35",962,0,0,0,0,0,0
"2023-05-26 15:02:22.4",963,0,0,0,0,0,0
"2023-05-26 15:02:22.45",964,0,0,0,0,0,0
"2023-05-26 15:02:22.5",965,0,0,0,0,0,0
"2023-05-26 15:02:22.55",966,0,0,0,0,0,0
"2023-05-26 15:02:22.6",967,0,0,0,0,0,0
"2023-05-26 15:02:22.65",968,0,0,0,0,0,0
"2023-05-26 15:02:22.7",969,0,0,0,0,0,0
"2023-05-26 15:02:22.75",970,0,0,0,0,0,0
"2023-05-26 15:02:22.8",971,0,0,0,0,0,0
"2023-05-26 15:02:22.85",972,0,0,0,0,0,0
"2023-05-26 15:02:22.9",973,0,0,0,0,0,0
"2023-05-26 15:02:22.95",974,0,0,0,0,0,0
"2023-05-26 15:02:23",975,0,0,0,0,0,0
"2023-05-26 15:02:23.05",976,0,0,0,0,0,0
"2023-05-26 15:02:23.1",977,0,0,0,0,0,0
"2023-05-26 15:02:23.15",978,0,0,0,0,0,0
"2023-05-26 15:02:23.2",979,0,0,0,0,0,0
"2023-05-26 15:02:23.25",980,0,0,0,0,0,0
"2023-05-26 15:02:23.3",981,0,0,0,0,0,0
"2023-05-26 15:02:23.35",982,0,0,0,0,0,0
"2023-05-26 15:02:23.4",983,0,0,0,0,0,0
